camping-axe_5_jpeg.rf.33d11903d433a6ce7e801cd6e87f890b.jpg 23,116,627,615,1
Carpenter-Axe_106_jpeg.rf.340540ec77cc7b14a21920b67b17a89d.jpg 44,52,611,570,1
Carpenter-Axe_153_png.rf.344eb07491f8baa3ea545022da425eb4.jpg 113,9,607,627,1
axe_121_jpeg.rf.348790163b9c3ad0fd9dbbdeed1d709a.jpg 47,1,607,640,1
Carpenter-Axe_119_jpeg.rf.34bc030297a06c97d78b79a87cd33526.jpg 9,10,541,361,1
Double-Bit-Axe_11_jpeg.rf.34f3997276512c25ecc7c5e684988935.jpg 10,10,608,640,1
Double-Bit-Axe_22_jpeg.rf.34f42dc4943a3080c898edabbd64b4de.jpg 7,93,603,640,1
camping-axe_16_jpeg.rf.35c6949a6c7ec48f4979da98951c3df6.jpg 127,13,554,631,1
axe_154_jpeg.rf.35fdaa4f63c61a0afca493e81fdfbf28.jpg 223,143,463,639,1
camping-axe_5_jpeg.rf.36855e1da74f1a73f9d9fbebeb45c85c.jpg 23,116,627,615,1
Carpenter-Axe_140_jpeg.rf.36d47a7e4eac77655e6368e2abb71561.jpg 28,16,631,620,1
Carpenter-Axe_118_png.rf.376714e41290ce4f7a7ca546fb219a83.jpg 31,0,640,577,1
Carpenter-Axe_162_jpeg.rf.356ea5cfb83d85d1022adb7289befc4b.jpg 1,10,640,640,1
Carpenter-Axe_111_jpeg.rf.370e72c792b37ddf5b4d81977a78bbf4.jpg 120,77,609,369,1
camping-axe_21_jpeg.rf.364a935ba82dec75e1dc48bbc493d74a.jpg 2,199,640,444,1
camping-axe_20_jpeg.rf.3717ed752910f17fdd71baf35940f9d6.jpg 11,0,640,608,1
Carpenter-Axe_141_jpeg.rf.3774eaf61f8f614765ba4a56b2b0adc8.jpg 9,182,640,485,1
axe_224_png.rf.37b20849e2bdb94668112c7e3d6694be.jpg 2,21,640,587,1
Carpenter-Axe_139_jpeg.rf.37886d851b75350e4aa0620f3f08d8e3.jpg 13,128,616,578,1
axe_205_jpeg.rf.37baec3bc56ae30c4922d8412984a54a.jpg 37,5,619,627,0
axe_121_jpeg.rf.384c854767694c23f74d2ef1843b0174.jpg 47,1,607,640,0
axe_101_jpeg.rf.3879a1565f83ed730d1cc03582db9669.jpg 188,36,522,400,1
axe_13_jpeg.rf.393b2f4e98e3bff562ebf903b297db59.jpg 17,37,623,566,1
axe_111_jpeg.rf.397a7a50b93c812e5e2c100a1ef6c055.jpg 51,20,575,634,1
Carpenter-Axe_100_jpeg.rf.3bc59e7ad4ca9c7deac15557661e8741.jpg 18,16,625,602,1
Double-Bit-Axe_22_jpeg.rf.3826e725bee620214d71a9cc835e8d43.jpg 7,93,603,640,1
axe_106_jpeg.rf.3b51c605676a84d95b638e71ac602883.jpg 136,103,640,520,0
axe_133_jpeg.rf.3b51e3b7b84b9f395a2c646dcef966c7.jpg 75,14,591,640,0
axe_154_jpeg.rf.3c260251d094bf323f5ef7f960f11039.jpg 223,143,463,639,1
camping-axe_9_jpeg.rf.3e248c7fa245403490f2b884f49d7c10.jpg 378,25,597,628,1 43,15,285,632,1
Carpenter-Axe_121_jpeg.rf.3fa532df33385333d694eda07c73e8a2.jpg 100,26,610,640,1
Carpenter-Axe_118_png.rf.3c2271b8b0cea0fc5bb9432b0617ddea.jpg 31,0,640,577,1
axe_205_jpeg.rf.3f875d795cf80c997503cfe0f0cb146a.jpg 37,5,619,627,0
Carpenter-Axe_137_jpeg.rf.3c8260a35c22c33b703cf36b0e6b7a42.jpg 101,0,632,633,1
camping-axe_29_jpeg.rf.3f8e134e7131cb614ffe3ac1eb4260a4.jpg 197,61,467,598,1
axe_111_jpeg.rf.41dfa3deb358f8b64e82bc8617baffe9.jpg 51,20,575,634,1
axe_127_jpeg.rf.3b610c09ceb945932690f4ae470cb514.jpg 15,8,639,636,1
Carpenter-Axe_157_jpeg.rf.41ef2814d9e50229ad9a05678d30e489.jpg 5,1,640,619,1
Carpenter-Axe_118_png.rf.3ab3a532b56bbebc43fd56d570377e6c.jpg 31,0,640,577,1
axe_155_jpeg.rf.3edae5915882ae2a1c480704d5301ef0.jpg 29,43,599,558,1
Carpenter-Axe_149_jpeg.rf.42fcb9b0fe13a0c36ccf85d68689e9f7.jpg 43,1,622,630,1
axe_133_jpeg.rf.432cea54d2e420b1198d9ef46eea4f59.jpg 75,14,591,640,1
axe_116_jpeg.rf.4480d24fedf27a3b48db9a4a84a06643.jpg 121,4,223,640,0 211,0,313,635,0 293,1,418,627,0 379,1,504,627,0 473,1,598,627,0
axe_107_jpeg.rf.44d9c3c93306ac05b53b1642e38184a3.jpg 10,165,640,586,0
Carpenter-Axe_163_jpeg.rf.42e4b948ad0cb3bf1c36d789b870cdf6.jpg 13,21,634,574,1
camping-axe_26_jpeg.rf.42c9f3468cdc84b4187a173909083272.jpg 0,1,633,638,1
Double-Bit-Axe_16_jpeg.rf.3cb1d8cc3259a21b3e65b91c4729897c.jpg 137,23,577,640,1
Double-Bit-Axe_3_jpeg.rf.3c492960ca0b14f4c0b588c8e1e79763.jpg 22,7,615,624,1
axe_106_jpeg.rf.3e8eed030a22684f99d85c602c1526d1.jpg 136,103,640,520,0
Carpenter-Axe_163_jpeg.rf.4620756e796828fbbeb44eadc5012073.jpg 13,21,634,574,1
axe_151_jpeg.rf.43c33d98428bea784d6a411d04ff3e4d.jpg 85,21,559,621,1
axe_106_jpeg.rf.45e1dcd71140be65e82407523d0cc4b1.jpg 136,103,640,520,1
axe_121_jpeg.rf.4673e5161773d6419e73d4fd5c5fde0c.jpg 47,1,607,640,1
axe_102_jpeg.rf.3f2a98d0413c3efccdccbcbd4729963d.jpg 26,12,636,634,0
Carpenter-Axe_155_jpeg.rf.3d55ef1f022b3beeaf776bf3c228d025.jpg 50,176,580,481,1
axe_101_jpeg.rf.3c7079947caf9fce248d42c86f0b976d.jpg 188,36,522,400,1
axe_10_jpeg.rf.48dd7fb566535757648c5acf7b426cd6.jpg 2,5,640,639,1
Carpenter-Axe_149_jpeg.rf.49ba304c35797e290f81786f33c5ee15.jpg 43,1,622,630,1
axe_143_jpeg.rf.421900a03a48e9d87b43bdda3c0b0910.jpg 99,17,488,510,1
Double-Bit-Axe_19_jpeg.rf.49744858547606e5da4b350e789186df.jpg 70,103,581,562,1
Carpenter-Axe_166_jpeg.rf.45051133e1ad0690ca6a587fce172ae3.jpg 93,39,533,605,1
Carpenter-Axe_169_jpeg.rf.481586160f830a0758c6a4333729582f.jpg 70,109,590,565,1
Carpenter-Axe_11_jpeg.rf.3ab6644c1aeb44446aee800e98f4cba1.jpg 19,200,616,527,1
axe_144_jpeg.rf.4b5562dfa6e2aa143fe1f7963f8cb162.jpg 2,131,640,507,0
axe_111_jpeg.rf.483dfa8822b7f31052b16e4b2c8e90e2.jpg 51,20,575,634,1
Carpenter-Axe_102_jpeg.rf.4c10bfff983f29a3f3758acb03226271.jpg 124,21,588,574,1
Carpenter-Axe_96_jpeg.rf.4b1456ec4f56ee60bd3789d0dc7944fa.jpg 79,118,595,575,1
Carpenter-Axe_109_jpeg.rf.4cb3c91eaee944c2fefb40f631a2c95d.jpg 53,72,621,557,1
Double-Bit-Axe_4_jpeg.rf.4dd2eba6a77a4af44dac21f244c130fa.jpg 4,256,636,640,1
axe_113_jpeg.rf.46a34a7a040c43a84c6aa5ae8444c327.jpg 21,7,621,623,0
Carpenter-Axe_126_jpeg.rf.47deb5fb98321f62785b013c25b1c810.jpg 130,72,551,640,1
axe_137_jpeg.rf.461f8122bf95f581cb5ab37874646e29.jpg 184,48,496,612,1
Carpenter-Axe_127_jpeg.rf.4553776cf0e3af5bcdb3533b35c0316f.jpg 24,23,237,503,1 222,67,611,496,1
Double-Bit-Axe_11_jpeg.rf.4bdd1f9efb5a59a32870928b6626a8e9.jpg 10,10,608,640,1
camping-axe_8_jpeg.rf.49221e5426e4850bad900aec9cbd847f.jpg 17,6,640,640,1
camping-axe_7_jpeg.rf.4df1a255e8980e7f9c65528f32c25c22.jpg 8,160,87,546,1 76,157,154,543,1 144,154,222,540,1 217,159,296,545,1 287,158,365,544,1 363,129,449,579,1 448,122,534,640,1 532,122,618,639,1
Carpenter-Axe_96_jpeg.rf.3a999b8c8796cc76ba156c716b7f7380.jpg 79,118,595,575,1
Double-Bit-Axe_25_jpeg.rf.4a9ebb60f94f0f14e73465155e04a7a2.jpg 46,87,610,634,1
axe_102_jpeg.rf.4d7aeb6d8bc3c7a236ca56a5b732b653.jpg 26,12,636,634,1
Carpenter-Axe_137_jpeg.rf.4e5d7b7e0939b5041628d4ee80e58855.jpg 101,0,632,633,1
Carpenter-Axe_108_jpeg.rf.4ec2c51028817de36a6edb6d58f0090a.jpg 12,1,638,274,1
axe_114_png.rf.4e560b36edd9854fdeed953ad606a56a.jpg 8,207,634,483,0
Carpenter-Axe_135_jpeg.rf.4b6f928352ebc003e058b268cb5ef630.jpg 14,195,639,607,1
Carpenter-Axe_126_jpeg.rf.4ccfccd448b8cb0c541a8a8e6751d7aa.jpg 130,72,551,640,1
Carpenter-Axe_160_jpeg.rf.481bc6a736b125c502b9b635b80712ec.jpg 43,21,554,640,1
axe_107_jpeg.rf.4f7d7f784d995e8658605fe341fd01bd.jpg 10,165,640,586,1
axe_117_jpeg.rf.51104d39d8ccfa352cd2d17c6c15ff3c.jpg 53,132,586,607,0
Carpenter-Axe_100_jpeg.rf.50c68f815221c74e67ec18dc6a8846d2.jpg 18,16,625,602,1
Double-Bit-Axe_23_jpeg.rf.5178015d08ec67debf7d0e71173cb488.jpg 123,28,519,600,1
axe_1000_jpeg.rf.51e4e56e8a552fa086d4cbc8ed590119.jpg 1,114,640,535,1
axe_141_jpeg.rf.4fddceb0e9abd62d2e3e7040375fc702.jpg 16,14,627,614,1
Carpenter-Axe_156_jpeg.rf.532e4c60eec85a7322e494ec2fb8e3d7.jpg 43,44,631,600,1
Carpenter-Axe_103_png.rf.50a16065f5ec2ada523ce58db807bb70.jpg 83,6,593,571,1
Carpenter-Axe_105_jpeg.rf.52b799d3f78c65e416876d12c95ce819.jpg 18,85,640,537,1
axe_147_jpeg.rf.4f2b52f4988f842e8cc2a4ef755d1dc3.jpg 93,0,599,636,1
axe_134_png.rf.5445acd04b4a9af7682bf910e699c74f.jpg 27,15,640,629,0
Double-Bit-Axe_6_jpeg.rf.513873d6ff7cff16de3a803eaef7eff0.jpg 62,38,610,623,1
Carpenter-Axe_145_jpeg.rf.541cd354358ef98a401cac8d75d88e5b.jpg 49,117,579,574,1
axe_158_jpeg.rf.46461a4a65ea15bbcb486e48a199ef1d.jpg 71,61,577,465,1
camping-axe_18_jpeg.rf.54fe0d70b9dcbc2aa56660cb2fcc5ac8.jpg 54,158,640,636,1
Carpenter-Axe_101_jpeg.rf.543299df11ec9af57060449284208bac.jpg 340,68,630,640,1
axe_417_jpeg.rf.54a2ded14c1ee77f14f90430c3ecf1bc.jpg 46,58,592,585,0
Double-Bit-Axe_30_jpeg.rf.514801b3dc3f7a62172aff7e0f93d2c6.jpg 76,57,542,426,1
camping-axe_5_jpeg.rf.524d3d6ea97b8007e0ba671322cc2629.jpg 23,116,627,615,1
Carpenter-Axe_119_jpeg.rf.541300730099b0a517f91132f2331a64.jpg 9,10,541,361,1
axe_112_jpeg.rf.4f0103db39d4a391ed5d89bcde17070e.jpg 2,9,640,601,0
axe_110_jpeg.rf.5569131053793c3b8b436a18c571e013.jpg 44,45,618,594,1
Double-Bit-Axe_16_jpeg.rf.53a353400e2634e6c2c3b62c25747610.jpg 137,23,577,640,1
camping-axe_21_jpeg.rf.55259c39363bacd71928f08eb7efd6a7.jpg 2,199,640,444,1
camping-axe_10_jpeg.rf.5585548ee62cb38721883e150157a351.jpg 13,23,632,626,1
axe_169_jpeg.rf.5621f96d117e97bc579bba440cab272f.jpg 199,111,640,554,1
Carpenter-Axe_125_jpeg.rf.55a34edc1b44ecaf43a0c1109173a99a.jpg 102,139,625,622,1
Carpenter-Axe_122_jpeg.rf.55ac33a2182685f013dafbeca9e0f325.jpg 113,7,640,571,1
Carpenter-Axe_167_jpeg.rf.58ee854045e7fe71d2e380accdb26200.jpg 110,57,547,566,1
axe_106_jpeg.rf.58c7ab0a2374186d676d505d0ed927b1.jpg 136,103,640,520,1
Carpenter-Axe_179_jpeg.rf.59e6dcfce58409d94874281b6a53bfbd.jpg 65,25,603,580,1
Carpenter-Axe_103_png.rf.53a34b89fa056731382ed0b96749625e.jpg 83,6,593,571,1
camping-axe_23_jpeg.rf.5bb4dd816117bd6d815cb77b6d6573e6.jpg 22,27,604,608,1
Carpenter-Axe_172_jpeg.rf.57b4e9a9ae9ff4f57349f78928062d8e.jpg 37,41,588,315,1
Carpenter-Axe_163_jpeg.rf.5b88f7f222a539c3b90bc2cd63cde5d2.jpg 13,21,634,574,1
axe_11_png.rf.5c1fc0f7a1b2be6dda075e4595f4d6a9.jpg 27,72,607,589,0
axe_123_jpeg.rf.4d127285c4a731fc3b160d3e186fbb5b.jpg 164,0,632,587,1
Carpenter-Axe_111_jpeg.rf.5a78ddf8617349093da9a97e2fd33ce6.jpg 120,77,609,369,1
axe_11_png.rf.5b2f33b5ffb786163b78314d65ae4c44.jpg 27,72,607,589,1
axe_110_jpeg.rf.5a5e9de15aef27a2b3535d7e328bcdcf.jpg 44,45,618,594,0
axe_417_jpeg.rf.5fba73ca515672e9fe7623f376977c82.jpg 46,58,592,585,1
Double-Bit-Axe_17_jpeg.rf.5efae7fef513256a83bd3e0c256613d9.jpg 70,33,619,640,1
camping-axe_7_jpeg.rf.6016d35f6b18cbe02dd1adf23624f046.jpg 8,160,87,546,1 76,157,154,543,1 144,154,222,540,1 217,159,296,545,1 287,158,365,544,1 363,129,449,579,1 448,122,534,640,1 532,122,618,639,1
axe_10_jpeg.rf.60bfae04a58394c48fd360a50edd7dc8.jpg 2,5,640,639,1
axe_154_jpeg.rf.5f95051a7615cc25f379668312cbd267.jpg 223,143,463,639,1
Carpenter-Axe_130_jpeg.rf.5f772cc3b690aed4287ab8499aa61d53.jpg 27,186,615,459,1
axe_103_jpeg.rf.57b33d7ea10d07dc7e83e7fbd9fb3e61.jpg 413,226,639,612,0
axe_144_jpeg.rf.57b89fdc8ec81ce3703836cb1baf960d.jpg 2,131,640,507,1
axe_13_jpeg.rf.567db33253fafb00897fc64beb23692a.jpg 17,37,623,566,1
Carpenter-Axe_10_jpeg.rf.58e16d1bfb73398049b19e5008397d45.jpg 2,1,640,638,1
Carpenter-Axe_138_jpeg.rf.606541263dba60805d4b650de4c202cf.jpg 56,188,602,504,1
Carpenter-Axe_160_jpeg.rf.610f3aa34dfc338e9ac2c5f1c77f3a3f.jpg 43,21,554,640,1
axe_105_jpeg.rf.63668b044056f42dedf4eb2f9f9c0d10.jpg 6,3,640,640,1
Carpenter-Axe_169_jpeg.rf.56e2c6272ad10410df44fefd10dd9678.jpg 70,109,590,565,1
Carpenter-Axe_164_jpeg.rf.61748848783607fc09edba722dfd8a1e.jpg 193,183,640,635,1
Carpenter-Axe_211_jpeg.rf.639ed8883f23cf73d1571c365f6208f8.jpg 1,1,637,568,1
axe_109_jpeg.rf.623f2c5820d8b6099c33538c86047152.jpg 14,50,640,602,0
Carpenter-Axe_110_jpeg.rf.644929d66492928681f9c4e3bdc6238a.jpg 290,59,613,376,1
camping-axe_24_jpeg.rf.62cd41c6015ba797330f8c1fd390cfcd.jpg 13,138,640,582,1
camping-axe_17_png.rf.63dfa292384790da8ef55ac624389a45.jpg 126,89,527,598,1
Carpenter-Axe_110_jpeg.rf.61f645414901c264aee893a99a1d5405.jpg 290,59,613,376,1
axe_141_jpeg.rf.63c944c73fcf9539beaedb68e4ffdbd5.jpg 16,14,627,614,0
Carpenter-Axe_155_jpeg.rf.5ca574be9efcb60b5b0ca0d94294af77.jpg 50,176,580,481,1
axe_122_jpeg.rf.64ef032f91b80bffb3bca09bba5c9885.jpg 134,3,456,640,0
Carpenter-Axe_103_png.rf.6491a32bb94e1baf39844c328d915562.jpg 83,6,593,571,1
Carpenter-Axe_110_jpeg.rf.616f169ab2afe4a7c448c371ca336a3e.jpg 290,59,613,376,1
Double-Bit-Axe_16_jpeg.rf.65aa2af70119f12bd271b720bc78039c.jpg 137,23,577,640,1
Carpenter-Axe_125_jpeg.rf.66bc80dd2e30cefb1c03890f3ed5dd22.jpg 102,139,625,622,1
axe_117_jpeg.rf.56826b9a3ff2d43a74f1485e370af670.jpg 53,132,586,607,1
Carpenter-Axe_109_jpeg.rf.627db558e3c7dfb8037d5f5db08a574d.jpg 53,72,621,557,1
Carpenter-Axe_168_jpeg.rf.66cc4609fa35d8f5cfaccbddf1d55522.jpg 1,148,633,520,1
camping-axe_10_jpeg.rf.5b19ebca3d298df0b1d77ddd03e7511b.jpg 13,23,632,626,1
Carpenter-Axe_112_jpeg.rf.5c5d1e7d3fce7353211c23a1a4eed13a.jpg 106,22,616,579,1
Double-Bit-Axe_27_jpeg.rf.67a7ad3d9adde7074234a6aec259e79c.jpg 80,107,590,585,1
Carpenter-Axe_117_jpeg.rf.64b4e04296d11a1403c80f9e573c36fb.jpg 58,127,640,605,1
Carpenter-Axe_248_jpeg.rf.67125eae87bfeb6785b27cefc5b3315c.jpg 120,27,600,569,1
axe_169_jpeg.rf.68d59f2e54ad210c8d8f6c7f89b364cf.jpg 199,111,640,554,1
Carpenter-Axe_156_jpeg.rf.64f66e87457e463531bcadfdbc489a52.jpg 43,44,631,600,1
Carpenter-Axe_107_jpeg.rf.67ae7fa5436f7646f1ba9998baec228c.jpg 50,29,596,603,1
Carpenter-Axe_134_jpeg.rf.68eec97653f7cd88fa208b22e7c22d87.jpg 2,0,640,640,1
camping-axe_18_jpeg.rf.5b12b6fe5a32155e6dc5548c48740c1b.jpg 54,158,640,636,1
axe_116_jpeg.rf.6c9368c6e5d52ac97b34b6f618ed2920.jpg 121,4,223,640,0 211,0,313,635,0 293,1,418,627,0 379,1,504,627,0 473,1,598,627,0
Carpenter-Axe_153_png.rf.6a11fcd5d69a904ae25ba2ffef4f5aee.jpg 113,9,607,627,1
Carpenter-Axe_139_jpeg.rf.6a239244cdb02a1bb1c3d70529eb2c61.jpg 13,128,616,578,1
camping-axe_15_jpeg.rf.6c4ff70555ab8b9cc204ae6eed9810f2.jpg 76,26,611,585,1
Carpenter-Axe_14_jpeg.rf.68efafb818ca69d920a7c98727e999ce.jpg 210,66,407,640,1
axe_115_jpeg.rf.599c7a6175e1accb642350ddf39b6907.jpg 112,53,575,520,1
axe_112_jpeg.rf.64dde61a0ed41ba44c2a22169fa87848.jpg 2,9,640,601,1
camping-axe_9_jpeg.rf.66a21fc5d8f3215ccf1fca43ea192772.jpg 378,25,597,628,1 43,15,285,632,1
Carpenter-Axe_157_jpeg.rf.6df60edfa8c763ee306fb5fb285fc90d.jpg 5,1,640,619,1
Carpenter-Axe_158_jpeg.rf.6fca983f8b31140b99bb444d712976d8.jpg 167,35,477,602,1
axe_105_jpeg.rf.699c7c7c6776cf9bac9379aaff9ce056.jpg 6,3,640,640,1
axe_124_jpeg.rf.68ee7bd6cda5d70bed9ebeb417ad24f7.jpg 31,27,570,640,1
axe_143_jpeg.rf.6c5412a008d7eea40fdeab43f4ab4f6f.jpg 99,17,488,510,0
axe_117_jpeg.rf.6bc0190f5030e37dc8340ad81efb8a97.jpg 53,132,586,607,1
axe_154_jpeg.rf.6cd1244af38323668b9622944a2bcb1e.jpg 223,143,463,639,1
Carpenter-Axe_127_jpeg.rf.72e55e8ff7ed6fe5671caf49dbf30380.jpg 24,23,237,503,1 222,67,611,496,1
Carpenter-Axe_129_jpeg.rf.72e1fea695ad5adf52375b5a9042daa5.jpg 34,24,600,599,1
axe_151_jpeg.rf.68fd6069cbfb1fba76f59045dff6c343.jpg 85,21,559,621,1
axe_137_jpeg.rf.4b4c036fc739a345e468d9b0d033710f.jpg 184,48,496,612,0
camping-axe_11_jpeg.rf.6b677b45725486929301289cd1d888cb.jpg 13,57,635,617,1
axe_124_jpeg.rf.7095acaf7c76f2f6c9321e1d88a3e3b9.jpg 31,27,570,640,0
Double-Bit-Axe_19_jpeg.rf.741bc9b755c09551635a603e72db0184.jpg 70,103,581,562,1
Double-Bit-Axe_7_jpeg.rf.7320a5d8693a8aeb70252e0cebd6cb73.jpg 207,176,592,594,1
Double-Bit-Axe_12_jpeg.rf.69babfee653d13e9336a8fc454976a99.jpg 73,60,619,542,1
axe_122_jpeg.rf.75b0336facde2e0e38ac308cfd3cc41a.jpg 134,3,456,640,1
Double-Bit-Axe_9_jpeg.rf.741fd76f5c5b697676419d4f1fdd165e.jpg 4,1,567,622,1
axe_156_jpeg.rf.76001d765fba7b594a28e7ade0d237a6.jpg 96,34,573,623,0
axe_134_png.rf.6fd33290dde20ccc7ceeef3613b0193f.jpg 27,15,640,629,0
Carpenter-Axe_10_jpeg.rf.758c2c51e01e325bb911bd386634c0d0.jpg 2,1,640,638,1
Carpenter-Axe_14_jpeg.rf.76acaf785473a30bf6580e479fa2299f.jpg 210,66,407,640,1
Carpenter-Axe_159_jpeg.rf.76ab94ee85e085120ca733b8092a9836.jpg 28,26,609,625,1
axe_102_jpeg.rf.72acfb22ab7d8f65a7a298e0fd4bde1a.jpg 26,12,636,634,1
Double-Bit-Axe_12_jpeg.rf.766ad7812e79ac67cc6465b2bc8d7618.jpg 73,60,619,542,1
Double-Bit-Axe_28_jpeg.rf.73afc0f705706c611c2a00b7b26a2ba6.jpg 38,208,636,489,1
Carpenter-Axe_169_jpeg.rf.761018aafaaf3b05127bbeea3af22352.jpg 70,109,590,565,1
Carpenter-Axe_127_jpeg.rf.77d90591282152c8a2846fdb645fda6d.jpg 24,23,237,503,1 222,67,611,496,1
camping-axe_30_jpeg.rf.7348fcc6e028beffd83adf8d73dbdfb0.jpg 90,137,583,556,1
Double-Bit-Axe_4_jpeg.rf.76d7c1598616c8ca3516436b88d35242.jpg 4,256,636,640,1
Carpenter-Axe_159_jpeg.rf.79144c341a244c607e30095169f0360f.jpg 28,26,609,625,1
camping-axe_19_jpeg.rf.79503c661e631df32ab3ca9321e19e34.jpg 58,33,640,591,1
Carpenter-Axe_140_jpeg.rf.663d8fe71c1b668f784d8628e77eec2a.jpg 28,16,631,620,1
Double-Bit-Axe_14_jpeg.rf.7602185e6ca127c6929d880b0c412591.jpg 187,51,479,555,1
axe_124_jpeg.rf.78ae1ca34516276338333a4596861761.jpg 31,27,570,640,1
Carpenter-Axe_169_jpeg.rf.7b065bc0b4ffdbc1f48b783047b7a1a1.jpg 70,109,590,565,1
Double-Bit-Axe_24_png.rf.5e41497665ae478bba28a9e51e12938c.jpg 30,33,600,618,1
Double-Bit-Axe_3_jpeg.rf.7725f201e47f96f0c659bd08aa10bd14.jpg 22,7,615,624,1
axe_105_jpeg.rf.7bb11e5341156994255a9fe3de3e0fe7.jpg 6,3,640,640,0
axe_157_jpeg.rf.7b027902f75b301d6330f8e939cd18cf.jpg 233,11,449,640,1
axe_155_jpeg.rf.60ce97ba7483d5d247c6bc983f07a6f6.jpg 29,43,599,558,1
Carpenter-Axe_140_jpeg.rf.7b294b69d47d39adf15b98582dcbf5c7.jpg 28,16,631,620,1
Double-Bit-Axe_4_jpeg.rf.7bf409012f59dcc2cc3af11f1bd3e8c5.jpg 4,256,636,640,1
axe_137_jpeg.rf.7e51224d403a6c1a5e79354f4b096b12.jpg 184,48,496,612,0
Carpenter-Axe_164_jpeg.rf.7dad96f96e5096c010e3078c6e59d338.jpg 193,183,640,635,1
camping-axe_9_jpeg.rf.7780d6ba5ea44ed93f2405fcae2197b5.jpg 378,25,597,628,1 43,15,285,632,1
axe_114_png.rf.8164d2096d7e32e193eb66e781fdc73d.jpg 8,207,634,483,0
Carpenter-Axe_190_jpeg.rf.7b3ae9442777b6c3ddd4a5be80b23833.jpg 171,32,536,542,1
axe_109_jpeg.rf.7cf0c3fbadf7b40febe8d5da46cc40c1.jpg 14,50,640,602,1
camping-axe_4_jpeg.rf.798511cb1a0edd20ff2804d525ec53e5.jpg 103,141,618,497,1
camping-axe_26_jpeg.rf.800ef410a5456166d807deced5301eef.jpg 0,1,633,638,1
Double-Bit-Axe_27_jpeg.rf.82ddd86bade9abd5d5b3e59bae188890.jpg 80,107,590,585,1
axe_417_jpeg.rf.839284654767b1c1e7fa36fcbf3ffdde.jpg 46,58,592,585,1
axe_224_png.rf.8376161759aa5aafde0198d59e158c91.jpg 2,21,640,587,0
axe_113_jpeg.rf.84b39fdac6ddcc72f8a1dcce13d35b7c.jpg 21,7,621,623,1
axe_103_jpeg.rf.82f36252dacb22481ae8b3f4556a043f.jpg 413,226,639,612,1
axe_114_png.rf.7992365326610836a483dd815b8069c7.jpg 8,207,634,483,1
Carpenter-Axe_156_jpeg.rf.853f379a853eed1f0b2a420fae2f38c9.jpg 43,44,631,600,1
axe_224_png.rf.7d11fc66fa96cb2ce959bf25c2a4c323.jpg 2,21,640,587,1
Carpenter-Axe_111_jpeg.rf.78872f8d188ca194379dd46e85d26297.jpg 120,77,609,369,1
camping-axe_12_jpeg.rf.8109d4e4795c6430a2be44499433979e.jpg 101,12,584,640,1
Carpenter-Axe_22_jpeg.rf.858b7387a853e5e4c753a4a694c0e9f0.jpg 74,101,576,614,1
axe_205_jpeg.rf.781a7baac1374c8b12a45619495f3790.jpg 37,5,619,627,1
camping-axe_11_jpeg.rf.8113e70b1172c26936b5f981fa62ea51.jpg 13,57,635,617,1
Double-Bit-Axe_26_jpeg.rf.7fd15894a433c2c4098d64e13b0badca.jpg 20,32,610,604,1
axe_10_jpeg.rf.771ab4e358dfaa4b8a2d2093c25af3c3.jpg 2,5,640,639,1
camping-axe_15_jpeg.rf.859e2a53bd4b6a577477a9a95432ec78.jpg 76,26,611,585,1
axe_151_jpeg.rf.8589f0c7f44f1a8ee9405de3a9f72712.jpg 85,21,559,621,0
axe_109_jpeg.rf.80bd32bb2286cf007964ee2603e6c157.jpg 14,50,640,602,0
camping-axe_17_png.rf.83778c6d35fad89e55f2cb8b05e56d2d.jpg 126,89,527,598,1
axe_134_png.rf.84fe9f65251c9ba978a248dbf81c8363.jpg 27,15,640,629,1
Carpenter-Axe_130_jpeg.rf.851489a6b01c7c7cde013f3e48637546.jpg 27,186,615,459,1
camping-axe_20_jpeg.rf.827cdc02ba741672416d05c214016a68.jpg 11,0,640,608,1
axe_133_jpeg.rf.7ec2afa4bfb63fdbf4e894814a355da6.jpg 75,14,591,640,0
axe_134_png.rf.84ea2c4764e75be22746f1606b5cf530.jpg 27,15,640,629,0
Carpenter-Axe_159_jpeg.rf.7b7f19e0fac0c5b53eb5170bef284916.jpg 28,26,609,625,1
axe_169_jpeg.rf.85b456365fa5b904ef21791139b68faf.jpg 199,111,640,554,1
Double-Bit-Axe_28_jpeg.rf.869028b8ad0bf07b798ce6e71d2f9e47.jpg 38,208,636,489,1
camping-axe_12_jpeg.rf.8810a6f0284b4b82fa64b017614358aa.jpg 101,12,584,640,1
camping-axe_24_jpeg.rf.88977c4195f65e3906fcd7b636c66ec3.jpg 13,138,640,582,1
axe_134_png.rf.895c7a7bdb0e16c8908e0a02901b7e20.jpg 27,15,640,629,1
Carpenter-Axe_191_jpeg.rf.89bc9a591c5167d1eb66b537424cf8f4.jpg 52,267,452,640,1
axe_111_jpeg.rf.8aee47a45da4a545999b5cd121ba7af3.jpg 51,20,575,634,1
Carpenter-Axe_128_jpeg.rf.87da6577f84cd9706c040d2deefae87c.jpg 42,23,598,580,1
camping-axe_4_jpeg.rf.89d33b55308e86574202a3b53ea3a3b0.jpg 103,141,618,497,1
Carpenter-Axe_167_jpeg.rf.8b54074634baa269e7b4b6f9965ac3f6.jpg 110,57,547,566,1
Carpenter-Axe_129_jpeg.rf.8e67337d12f0e0e42e71baf044493248.jpg 34,24,600,599,1
Carpenter-Axe_165_jpeg.rf.8cc34f7e8c1b2da35b2e043b88917067.jpg 100,28,632,549,1
Double-Bit-Axe_14_jpeg.rf.8a0f93dca22f3afe10aeb3bc6c14d47a.jpg 187,51,479,555,1
axe_127_jpeg.rf.8fc890a9a1eeabedea814254e4096962.jpg 15,8,639,636,0
axe_100_jpeg.rf.8a794d71eb31613f3301ea3e783d52c4.jpg 118,60,495,634,0
axe_115_jpeg.rf.8c24e4ca9f179b5c10cb43b96c8f2be1.jpg 112,53,575,520,1
Carpenter-Axe_11_jpeg.rf.8f4735d98e7fc57c6d9b0085d16b10aa.jpg 19,200,616,527,1
Double-Bit-Axe_24_png.rf.8bbb6f0fb32c3fa3607e2f72d11f7ab1.jpg 30,33,600,618,1
camping-axe_14_jpeg.rf.8fb30f6b84c6d03ee282fd6269fa096a.jpg 197,9,428,640,1
Double-Bit-Axe_3_jpeg.rf.8cf4c2a028feab9a8e6b9c0188bd587f.jpg 22,7,615,624,1
axe_13_jpeg.rf.8ca891776e293317e5f24bfab8a6fe21.jpg 17,37,623,566,1
Carpenter-Axe_118_png.rf.912ad1f986a1f36df2c727e536761be9.jpg 31,0,640,577,1
Carpenter-Axe_96_jpeg.rf.9240415b20e94962dc99bf93f03e5394.jpg 79,118,595,575,1
camping-axe_7_jpeg.rf.9165ec3f2f8838499665ac0acc5c3ed6.jpg 8,160,87,546,1 76,157,154,543,1 144,154,222,540,1 217,159,296,545,1 287,158,365,544,1 363,129,449,579,1 448,122,534,640,1 532,122,618,639,1
Double-Bit-Axe_6_jpeg.rf.903cfc34a022a4679720681b6d6e030b.jpg 62,38,610,623,1
axe_106_jpeg.rf.931b49151fe8a1465e0e564d05bc1833.jpg 136,103,640,520,0
Double-Bit-Axe_5_jpeg.rf.908408ddc582a0db476f228e99c2447b.jpg 119,60,531,640,1
Carpenter-Axe_130_jpeg.rf.9136de82dc3fd8ca28a7bcc2e4e5d17c.jpg 27,186,615,459,1
Double-Bit-Axe_21_jpeg.rf.9360fefcc1e38d74d26bf8583651fc39.jpg 30,0,609,618,1
axe_133_jpeg.rf.96aaea232bb286c0a09cae2b722344de.jpg 75,14,591,640,0
Carpenter-Axe_101_jpeg.rf.9baf29284d5fc4f777ba9ff81efc2718.jpg 340,68,630,640,1
Carpenter-Axe_22_jpeg.rf.91f685007d9de5834039c7af59c2416f.jpg 74,101,576,614,1
Carpenter-Axe_116_jpeg.rf.997166bdfc046fad63888d6d6f1f5f3e.jpg 79,153,480,457,1
axe_1000_jpeg.rf.90dbba38dde5d299f82304c234b750ee.jpg 1,114,640,535,0
axe_124_jpeg.rf.91cb802fd11f8b3a5332ab29fafc7716.jpg 31,27,570,640,0
axe_103_jpeg.rf.96dc6cf5543b3023958b1edd85318e83.jpg 413,226,639,612,1
camping-axe_4_jpeg.rf.97c09c29fcfe2f933bc5e33de44a3ce6.jpg 103,141,618,497,1
axe_144_jpeg.rf.98b19a9303b0eb3a065622bba1c38a37.jpg 2,131,640,507,0
Carpenter-Axe_190_jpeg.rf.93bc9597c943ca8d5946725a8bb4ddb7.jpg 171,32,536,542,1
axe_11_png.rf.8a6f7c00de7a4000236d455808d0e858.jpg 27,72,607,589,0
axe_151_jpeg.rf.9ca133138470a0f8049514c41742a68e.jpg 85,21,559,621,0
Carpenter-Axe_12_jpeg.rf.960aeffe5c6a14d6c3537840c2df97d0.jpg 14,5,620,636,1
axe_128_jpeg.rf.9c7f3f99f532f4872a03751f79b3ee85.jpg 1,58,640,640,1
axe_928_jpeg.rf.975a775ea62ea56d18cae0c271ff3dd5.jpg 177,8,471,640,0
axe_100_jpeg.rf.9574d319e8b41457bba4fbe8ce8e338c.jpg 118,60,495,634,1
axe_154_jpeg.rf.969f673913bfef42218c087b1e6e760b.jpg 223,143,463,639,0
Carpenter-Axe_145_jpeg.rf.9e0e998830287a347bf6749df0d9cd1a.jpg 49,117,579,574,1
Carpenter-Axe_135_jpeg.rf.9daa5d770311d94049de83a9b8d58815.jpg 14,195,639,607,1
camping-axe_30_jpeg.rf.9f867497822333acdd24b82f333ac638.jpg 90,137,583,556,1
camping-axe_20_jpeg.rf.a250291701e2cd5531e25471059c65aa.jpg 11,0,640,608,1
Double-Bit-Axe_6_jpeg.rf.a075bd649879a45790cf068296f20024.jpg 62,38,610,623,1
Carpenter-Axe_171_jpeg.rf.9ea188c0549a44fd2b23c5a55b361f24.jpg 43,27,623,542,1
axe_144_jpeg.rf.a0b86326ebaf35401ae7df09682beb30.jpg 2,131,640,507,1
Carpenter-Axe_190_jpeg.rf.a40927fe65974e670e26a6edd8073c97.jpg 171,32,536,542,1
Carpenter-Axe_112_jpeg.rf.a2f467e9e75e6615cfd2e530188f4787.jpg 106,22,616,579,1
axe_122_jpeg.rf.a3282cd94dc27158b3de12dc036672ae.jpg 134,3,456,640,0
Carpenter-Axe_128_jpeg.rf.a0a6d8d184a0eb5b1af9e8e56756111f.jpg 42,23,598,580,1
axe_116_jpeg.rf.a4073c09b7686e0811f7256b6b3d07d5.jpg 121,4,223,640,0 211,0,313,635,0 293,1,418,627,0 379,1,504,627,0 473,1,598,627,0
Carpenter-Axe_109_jpeg.rf.a1fca80901f736c1f5d8bda20cefff28.jpg 53,72,621,557,1
axe_133_jpeg.rf.a3c17e99e646fec9d0cc80fc8ca3f58f.jpg 75,14,591,640,1
Carpenter-Axe_162_jpeg.rf.a62c3fb0827c9e03964bf25ae9c0919c.jpg 1,10,640,640,1
axe_141_jpeg.rf.a5cdffae267ebc394eac040689e4158e.jpg 16,14,627,614,1
camping-axe_27_jpeg.rf.a678f3f80b7385c0e04902bb70433fb1.jpg 14,200,640,471,1
Carpenter-Axe_136_jpeg.rf.a5deb0e3b36638330364caeb18a8e3d7.jpg 89,117,619,601,1
axe_10_jpeg.rf.9cac9c14620e019b460859755e6346b0.jpg 2,5,640,639,0
Carpenter-Axe_121_jpeg.rf.a6ab405efa0783ccff72bb008583833d.jpg 100,26,610,640,1
Carpenter-Axe_162_jpeg.rf.a6e9e5289f12254bbf56dd3c5b0b0505.jpg 1,10,640,640,1
Carpenter-Axe_129_jpeg.rf.a7c59db9371316111c6100a80aea6664.jpg 34,24,600,599,1
axe_151_jpeg.rf.a8df2c007ad33aef1a4d773414503cd4.jpg 85,21,559,621,0
axe_124_jpeg.rf.a6255ed17581360f7cf496edff5a1723.jpg 31,27,570,640,0
camping-axe_23_jpeg.rf.aad5ac72a7c214dd1b47113e884ed598.jpg 22,27,604,608,1
Carpenter-Axe_126_jpeg.rf.a02749dced01a8f120edac2bf159d210.jpg 130,72,551,640,1
axe_105_jpeg.rf.ac963ec52066213bb60133c4619e0d4d.jpg 6,3,640,640,1
Carpenter-Axe_171_jpeg.rf.a7e4ba9dca571d37100ab58db913a3b4.jpg 43,27,623,542,1
Double-Bit-Axe_17_jpeg.rf.aab1f2463b54191234498eef21b50887.jpg 70,33,619,640,1
Carpenter-Axe_14_jpeg.rf.a3dc16b5f4df296bebe5314981c40713.jpg 210,66,407,640,1
axe_123_jpeg.rf.a9805ec43bfed3ccf3c469ab525bb2c7.jpg 164,0,632,587,1
axe_156_jpeg.rf.a7c2cd8c3cb3d7dbc170c488c0f7bc5f.jpg 96,34,573,623,1
Double-Bit-Axe_27_jpeg.rf.a78b8cf73c1eec9cfa3290cbfadda829.jpg 80,107,590,585,1
axe_143_jpeg.rf.95910eb0bf1fa29f1511521d6dece1be.jpg 99,17,488,510,0
Carpenter-Axe_113_jpeg.rf.ad333f0adb1a495eb6d05445dd439ced.jpg 55,91,594,578,1
Double-Bit-Axe_16_jpeg.rf.adc080952956d25f76640b35467d08f3.jpg 137,23,577,640,1
axe_100_jpeg.rf.a961804c2b36aed6accfe3eee0f2fe8e.jpg 118,60,495,634,1
axe_124_jpeg.rf.ae3762fcd6448bbe4df19400e1197741.jpg 31,27,570,640,0
axe_127_jpeg.rf.aaf2a4c511788dcc4b6617f872ea0103.jpg 15,8,639,636,0
Carpenter-Axe_138_jpeg.rf.a7876b958d2ff64c12dfa7ac1bd67ef6.jpg 56,188,602,504,1
Carpenter-Axe_117_jpeg.rf.adf720f8c85bf1616ea7f43c10276576.jpg 58,127,640,605,1
Double-Bit-Axe_15_png.rf.aee79cbab5605ce9b0acaa4a423338d3.jpg 13,187,632,488,1
Carpenter-Axe_152_jpeg.rf.a6c299043d17da942a1fc8c87cfd404a.jpg 3,159,579,640,1
camping-axe_6_jpeg.rf.ae59605e88409f4c44b1d5178926fc32.jpg 13,334,308,631,1 4,3,316,305,1 328,1,486,324,1 335,327,640,625,1
Carpenter-Axe_116_jpeg.rf.ae2c8ee1821cc5143c2f38645507e3f4.jpg 79,153,480,457,1
axe_158_jpeg.rf.b176d7448d30093c5cd54e06283882f1.jpg 71,61,577,465,1
Carpenter-Axe_191_jpeg.rf.a654f7ba084f04248f9728a63cc508f1.jpg 52,267,452,640,1
camping-axe_29_jpeg.rf.abed43e5f8e74e20bd1c5a5b94b63adf.jpg 197,61,467,598,1
Carpenter-Axe_103_png.rf.a89e89f377dfe928264888eafffaf069.jpg 83,6,593,571,1
axe_102_jpeg.rf.ad01915fab0a1cbb683c74d6dfd2edc1.jpg 26,12,636,634,1
axe_116_jpeg.rf.b2eab98b07e93af06f0b1db7eceadb96.jpg 121,4,223,640,0 211,0,313,635,0 293,1,418,627,0 379,1,504,627,0 473,1,598,627,0
axe_151_jpeg.rf.ae3f9fae635034c4bd4f4005f1ef1632.jpg 85,21,559,621,1
axe_13_jpeg.rf.b369263a07e8dcb49d5964bc7f9c4c53.jpg 17,37,623,566,0
Carpenter-Axe_170_jpeg.rf.b4546e24932a3046a97de4740424fee7.jpg 20,173,615,475,1
axe_111_jpeg.rf.af628e1e95bceee03ee52e81c5f10502.jpg 51,20,575,634,0
axe_126_jpeg.rf.b3ca8a073901f9db7fd61575e443c694.jpg 15,55,622,559,1
Carpenter-Axe_96_jpeg.rf.ad6173d323bcb5f25e163889a4545a8a.jpg 79,118,595,575,1
axe_124_jpeg.rf.ab46b594aa115f564d7b3d2d8746c0ef.jpg 31,27,570,640,1
axe_1000_jpeg.rf.b5c59fd61f4917de311b5419e841d0da.jpg 1,114,640,535,1
camping-axe_8_jpeg.rf.b652f5238997aadf3ea4ae5ce65f161f.jpg 17,6,640,640,1
Carpenter-Axe_101_jpeg.rf.b1f346f24451c562d9c4b5302cc5ad33.jpg 340,68,630,640,1
Carpenter-Axe_12_jpeg.rf.a211b0e8140652b97e06595285887ffe.jpg 14,5,620,636,1
axe_103_jpeg.rf.b6230f4c0ec6dbd8da6da6ca9a54898e.jpg 413,226,639,612,1
Carpenter-Axe_171_jpeg.rf.b18f5f2ff344883b48df00f4cc1a2b68.jpg 43,27,623,542,1
axe_1000_jpeg.rf.b560c0fbbe4d688da0ce08c5ba4dc4a6.jpg 1,114,640,535,1
axe_109_jpeg.rf.b8ad1f2b50def55225bd82f640b9e0f0.jpg 14,50,640,602,0
Carpenter-Axe_150_jpeg.rf.b0af90cc72fec1794e6e63d20b24233c.jpg 36,169,604,585,1
Carpenter-Axe_112_jpeg.rf.b7eacc520b00359f38c07f92a52e48cd.jpg 106,22,616,579,1
axe_205_jpeg.rf.ba4f8726ea8740c043d73e7ce36e7956.jpg 37,5,619,627,1
axe_143_jpeg.rf.b02222c0a8b58186ddbead1c26f491fb.jpg 99,17,488,510,1
Carpenter-Axe_153_png.rf.bba6698f46fd97309b854fa1b5d9c7d7.jpg 113,9,607,627,1
camping-axe_6_jpeg.rf.ae9f7d10fec708e324c513e3ab68cca4.jpg 13,334,308,631,1 4,3,316,305,1 328,1,486,324,1 335,327,640,625,1
axe_144_jpeg.rf.bc9abfda4b8b95f1ec94ceb3cefa1453.jpg 2,131,640,507,1
Carpenter-Axe_115_jpeg.rf.bc0eeb5b0fef31145b8728acb268d85a.jpg 118,82,581,640,1
axe_103_jpeg.rf.af1035137ef410e16a97c47a372f6236.jpg 413,226,639,612,0
Carpenter-Axe_48_jpeg.rf.bd0694b82a2140ac02d7ff99e0ee9734.jpg 118,79,551,629,1
Carpenter-Axe_138_jpeg.rf.b523f5b0fad5e1e156b7ae4de571d707.jpg 56,188,602,504,1
Carpenter-Axe_120_jpeg.rf.bde8982b2382716e7b4b3b36566f83cd.jpg 51,35,640,631,1
axe_928_jpeg.rf.bd9914765090e47d3e59bfa381b4aaa5.jpg 177,8,471,640,1
Carpenter-Axe_101_jpeg.rf.b2bb83706274ae73d73739696ab9707f.jpg 340,68,630,640,1
axe_155_jpeg.rf.b3ef3d49ad9b1383165465897010134c.jpg 29,43,599,558,1
camping-axe_12_jpeg.rf.ae7988f73d429cf456661d5379452d27.jpg 101,12,584,640,1
Carpenter-Axe_149_jpeg.rf.beb412401c0dc2e91d168bf08f92b2da.jpg 43,1,622,630,1
Carpenter-Axe_161_jpeg.rf.bde4a833b61928cb4e8734b48e16c783.jpg 6,5,107,314,1 104,1,205,309,1 208,1,309,309,1 333,1,434,309,1 440,2,541,312,1 539,1,640,309,1 430,323,531,633,1 330,325,431,635,1 210,324,311,634,1 102,324,204,634,1 0,317,101,627,1
Carpenter-Axe_111_jpeg.rf.c0d59fe0a7c5e1ca2e304e8a8c2972cb.jpg 120,77,609,369,1
camping-axe_13_jpeg.rf.c0f1a42eba092fc33f9154184aa9fd75.jpg 35,26,613,616,1
Carpenter-Axe_113_jpeg.rf.c33e82bdb9fd5da700b547d79404e4fb.jpg 55,91,594,578,1
Carpenter-Axe_165_jpeg.rf.c0ac33f48f81ae89452a4a7c5b1a90f9.jpg 100,28,632,549,1
camping-axe_27_jpeg.rf.c1fe37a7f6512838a8c57fdee41d933c.jpg 14,200,640,471,1
Carpenter-Axe_120_jpeg.rf.c11d6371550543c0ae9b35bb34e29361.jpg 51,35,640,631,1
camping-axe_16_jpeg.rf.c2752f0ff1bc846451c2ddb2b14e8556.jpg 127,13,554,631,1
axe_128_jpeg.rf.bdcf034fec62d86bf7d09b5a31b627bf.jpg 1,58,640,640,0
axe_114_png.rf.beaf0d3ffed998127faabf064d606801.jpg 8,207,634,483,1
axe_205_jpeg.rf.c0ff1b1dd1f5b78606f1fa60f8cd6864.jpg 37,5,619,627,0
Double-Bit-Axe_15_png.rf.bfcad94ce24fc34eaaab9efb77346348.jpg 13,187,632,488,1
axe_109_jpeg.rf.c20d3f169dfde80300da91da80585d42.jpg 14,50,640,602,1
Carpenter-Axe_172_jpeg.rf.c52683f133f9e70799b59a3fd048dfa4.jpg 37,41,588,315,1
Carpenter-Axe_104_jpeg.rf.bdec5f7363da87f1c97901b559bbd0a3.jpg 14,17,631,597,1
axe_115_jpeg.rf.bb93c33475ab491674842d5dc7f65df6.jpg 112,53,575,520,0
Carpenter-Axe_152_jpeg.rf.bfb5019b9bd9624e173a01a6f6ab3fa6.jpg 3,159,579,640,1
Carpenter-Axe_108_jpeg.rf.c27ebe4bb426a3b11cebadb8d5770993.jpg 12,1,638,274,1
Carpenter-Axe_13_jpeg.rf.c3b94a2d682e4f3040b52a39f5fb6dda.jpg 160,30,445,640,1
axe_137_jpeg.rf.c79756c34c2a8e0a1bbddcfe3f240b34.jpg 184,48,496,612,0
axe_169_jpeg.rf.c029ba677b4cc2de4f97ecc4806d1302.jpg 199,111,640,554,1
camping-axe_15_jpeg.rf.c8c1ff0c44c3a8524274f7df37b87bab.jpg 76,26,611,585,1
Carpenter-Axe_112_jpeg.rf.c73d6faf1c1bfbd6ac8b840ec834621b.jpg 106,22,616,579,1
axe_117_jpeg.rf.cc3ff83719b4eb5f3a54cbfad0786005.jpg 53,132,586,607,1
Carpenter-Axe_116_jpeg.rf.c4046bf8669b3cc06cb46f667b102746.jpg 79,153,480,457,1
axe_155_jpeg.rf.cf943b877cc8875310bc9760540c239a.jpg 29,43,599,558,0
Carpenter-Axe_109_jpeg.rf.d0109d34bb5be53ab9e32477a440ed88.jpg 53,72,621,557,1
axe_928_jpeg.rf.c2327fba1479013b5e7f6b4032e6a191.jpg 177,8,471,640,1
axe_147_jpeg.rf.c8dfa3e840e391038a92208b0e108964.jpg 93,0,599,636,0
Carpenter-Axe_139_jpeg.rf.bebbd0b9695585da224fe6e97f150ec4.jpg 13,128,616,578,1
axe_158_jpeg.rf.cfe314cea6217077491edbfa86e5d0b8.jpg 71,61,577,465,0
Double-Bit-Axe_25_jpeg.rf.cb532037c7f5dec481921c7d9ba5ff69.jpg 46,87,610,634,1
axe_107_jpeg.rf.cd811c83fd543b80ea6f2801137879ca.jpg 10,165,640,586,0
axe_127_jpeg.rf.d080c9d3d62064d4a81772889a1dca22.jpg 15,8,639,636,1
Carpenter-Axe_211_jpeg.rf.ba7d28fc855a185b0ae1e9aa34fe166a.jpg 1,1,637,568,1
Double-Bit-Axe_7_jpeg.rf.d0e8abf212f2845795e2af7d14291c25.jpg 207,176,592,594,1
axe_124_jpeg.rf.d46c9081d167cb1f45c6b9f952dbdd25.jpg 31,27,570,640,1
Double-Bit-Axe_22_jpeg.rf.c8737a2ac9ad75a1cd7792df75b63a62.jpg 7,93,603,640,1
axe_147_jpeg.rf.bfb47bb64bad5b3afd1b2a0416b2e8ca.jpg 93,0,599,636,0
axe_116_jpeg.rf.cb1d1d1298ea17695e2b9050a7b5fe67.jpg 121,4,223,640,1 211,0,313,635,1 293,1,418,627,1 379,1,504,627,1 473,1,598,627,1
Double-Bit-Axe_4_jpeg.rf.d03c5611d6c4f6f3087b288799aaaa9d.jpg 4,256,636,640,1
axe_103_jpeg.rf.d4c0a333ac0f401fafeee2e9ad16ad6d.jpg 413,226,639,612,1
Carpenter-Axe_106_jpeg.rf.c5fbbbd3982b048879098ac5aba6ac81.jpg 44,52,611,570,1
camping-axe_22_jpeg.rf.d61bdfd118937f9c0d9ff266d992d54a.jpg 163,34,491,567,1
Carpenter-Axe_138_jpeg.rf.d72c4791a1b41e0b4959ab2c1faec41d.jpg 56,188,602,504,1
camping-axe_27_jpeg.rf.c690fb4b6f6117a06e32e36417a8eba7.jpg 14,200,640,471,1
axe_113_jpeg.rf.c37509a035066139330540e358b29ded.jpg 21,7,621,623,0
camping-axe_21_jpeg.rf.d50a8c0553c8e0d4dfe3a473d020c162.jpg 2,199,640,444,1
camping-axe_14_jpeg.rf.d81efd778707c09fc310d30baddc3fd8.jpg 197,9,428,640,1
axe_1000_jpeg.rf.c1d1ef2ac2bae6972da778564e491b76.jpg 1,114,640,535,1
axe_105_jpeg.rf.d9bb64a15923b91a1a62f4a2ad6168bc.jpg 6,3,640,640,0
Carpenter-Axe_100_jpeg.rf.da77c37f4468319d2308ecb3dbf1f030.jpg 18,16,625,602,1
Carpenter-Axe_155_jpeg.rf.d0b5fa27080befd8e7e47b0ce1f13b70.jpg 50,176,580,481,1
Carpenter-Axe_179_jpeg.rf.d72ca5314348df1beed44decec891332.jpg 65,25,603,580,1
camping-axe_27_jpeg.rf.db0a002d5dd6b18f21978838db579139.jpg 14,200,640,471,1
Carpenter-Axe_127_jpeg.rf.d4f3aeb7c339c89bee1abd6c80aa257d.jpg 24,23,237,503,1 222,67,611,496,1
camping-axe_13_jpeg.rf.db416cf2081125617a905bc85fd9244d.jpg 35,26,613,616,1
axe_128_jpeg.rf.dd9909c73f45398b2def88e9d7418fc0.jpg 1,58,640,640,1
Carpenter-Axe_107_jpeg.rf.dab13017a898411a5e0355c4093f173a.jpg 50,29,596,603,1
Double-Bit-Axe_5_jpeg.rf.d9a029564d450aa7331ddff1850c69e1.jpg 119,60,531,640,1
Carpenter-Axe_122_jpeg.rf.d74742aabfeeb7c4f23a112ce9bac143.jpg 113,7,640,571,1
Carpenter-Axe_140_jpeg.rf.de22cb90e5a09aaf8b14e2f84c9d9f72.jpg 28,16,631,620,1
Double-Bit-Axe_27_jpeg.rf.dd6c9009f799f8ee03cdb6baec73c52c.jpg 80,107,590,585,1
Carpenter-Axe_100_jpeg.rf.d9a6566c9bb112d457ac29a1658a8047.jpg 18,16,625,602,1
Carpenter-Axe_135_jpeg.rf.d601c0cf7651b9ecd41bcd1e588ddab5.jpg 14,195,639,607,1
axe_224_png.rf.ddd6dcec258328885e1774632515db78.jpg 2,21,640,587,1
Carpenter-Axe_166_jpeg.rf.ddd6cc36e71b23a85269f582c8bda3e3.jpg 93,39,533,605,1
Carpenter-Axe_48_jpeg.rf.dde59e4f374b1a9d4fb8e3f92550c7b6.jpg 118,79,551,629,1
axe_205_jpeg.rf.dfa37ef314b8e536600b766c7ba6aa37.jpg 37,5,619,627,1
axe_928_jpeg.rf.e038f110442843edfa41f3931c89b137.jpg 177,8,471,640,1
axe_157_jpeg.rf.cfaa868acbd71de2279154ad48882676.jpg 233,11,449,640,1
Carpenter-Axe_135_jpeg.rf.e102d4b58c2b1fc2548c59c2e842512e.jpg 14,195,639,607,1
Double-Bit-Axe_18_jpeg.rf.e0e92a01952d28cff574a5d550ee8d49.jpg 127,11,512,627,1
camping-axe_26_jpeg.rf.e2e81c6db2cef7dbb90666b3b5137a12.jpg 0,1,633,638,1
axe_156_jpeg.rf.d616d94599d6fda542c1f0ba7df42bbd.jpg 96,34,573,623,0
axe_112_jpeg.rf.dd2880d9e9ca10fd3af6108b5aef3e6a.jpg 2,9,640,601,1
camping-axe_22_jpeg.rf.c91e32abd6876ed7d574dba30358f28b.jpg 163,34,491,567,1
axe_11_png.rf.e19e23a6df78ce1e614ba996b4632729.jpg 27,72,607,589,1
Carpenter-Axe_164_jpeg.rf.e429d4c30048b5275ea245b6d5679640.jpg 193,183,640,635,1
Double-Bit-Axe_30_jpeg.rf.dcde095e1bd3178c8cbdb783309d1d94.jpg 76,57,542,426,1
axe_114_png.rf.dbba804c85ab8277d7eb7c1e3a95e0d3.jpg 8,207,634,483,1
axe_928_jpeg.rf.e3474419acf7a8681b2435d8c5dfa73a.jpg 177,8,471,640,0
axe_105_jpeg.rf.d6363d7a8fc1d3fa61dd8384ac43a84e.jpg 6,3,640,640,1
axe_133_jpeg.rf.e2727be7d7bd38347fb4dbfacead9e69.jpg 75,14,591,640,0
axe_157_jpeg.rf.e6898d7c318229703b6b7a6995f200ba.jpg 233,11,449,640,0
axe_101_jpeg.rf.e59ddb7947f4f684a4d8417dcc2ce3a4.jpg 188,36,522,400,0
Double-Bit-Axe_17_jpeg.rf.e6e1ecdccf2f6163c030ef23ae3b40e1.jpg 70,33,619,640,1
axe_101_jpeg.rf.e4a43d3a1af0da42e64d8757850948a0.jpg 188,36,522,400,1
Double-Bit-Axe_23_jpeg.rf.e3e7b64cdc6f0904bc662bd6fbd6a379.jpg 123,28,519,600,1
Double-Bit-Axe_9_jpeg.rf.e715403a32110b82fadc65dd7486d330.jpg 4,1,567,622,1
Carpenter-Axe_129_jpeg.rf.e7387ef5601c5cde94c5826a0768a3a9.jpg 34,24,600,599,1
Carpenter-Axe_102_jpeg.rf.d4d3f5cec03a018dd8da6141fd31a1bd.jpg 124,21,588,574,1
axe_115_jpeg.rf.e7252e9f98a17708db2381540a22c69a.jpg 112,53,575,520,0
axe_101_jpeg.rf.e1bded337d0b33a3e5995513051a5146.jpg 188,36,522,400,0
axe_114_png.rf.e8339880fb8a110bd6c0504c32083b76.jpg 8,207,634,483,0
Carpenter-Axe_106_jpeg.rf.e82f1b65878946d7758c0233397d4f5c.jpg 44,52,611,570,1
Carpenter-Axe_125_jpeg.rf.e5729a760d8f7bf021d2e292a00d4dc9.jpg 102,139,625,622,1
Carpenter-Axe_157_jpeg.rf.e8fc90800fe5cd673d7a0ab2d9085cc0.jpg 5,1,640,619,1
axe_100_jpeg.rf.e0b085cea8ef60cf94a21fd037695e36.jpg 118,60,495,634,1
camping-axe_28_jpeg.rf.e2ae73e54f93011d37a8912d2df66ebe.jpg 37,1,623,632,1
camping-axe_13_jpeg.rf.e7a3d997db516c5fef13873091865314.jpg 35,26,613,616,1
Carpenter-Axe_48_jpeg.rf.e8ee019dfcc8d1945aba2564af4aa9e7.jpg 118,79,551,629,1
Carpenter-Axe_152_jpeg.rf.d84d058f59e0e060290b88c52ad77449.jpg 3,159,579,640,1
axe_127_jpeg.rf.eb63343cd4b7e5f2f92d3cf22f6f783e.jpg 15,8,639,636,0
axe_113_jpeg.rf.e50f2871677fdcddafdbf2f8b9100763.jpg 21,7,621,623,1
axe_157_jpeg.rf.e93e5611610bdadcd56b0a917cda3d23.jpg 233,11,449,640,1
Carpenter-Axe_122_jpeg.rf.e9c08ed73f37489cfa9a78dca93d6553.jpg 113,7,640,571,1
Carpenter-Axe_129_jpeg.rf.e70320c881b2d9c13b374dfc23692a38.jpg 34,24,600,599,1
Carpenter-Axe_191_jpeg.rf.ec82c14710b41500fbef01d73a746b28.jpg 52,267,452,640,1
Double-Bit-Axe_23_jpeg.rf.e3203a1d9d9b5c6d018879dd2b4b315e.jpg 123,28,519,600,1
Carpenter-Axe_120_jpeg.rf.e8fe65a9f5fc59d3a5636ace1d34fa5a.jpg 51,35,640,631,1
Double-Bit-Axe_26_jpeg.rf.ebb7348fb824d58c50c46b4e5d4a68aa.jpg 20,32,610,604,1
Double-Bit-Axe_26_jpeg.rf.d8f974cc4a04f7a7dd0be1c255d1e130.jpg 20,32,610,604,1
Double-Bit-Axe_3_jpeg.rf.ed87eefc2c9fb3d4c92da6d6d0ff6a1b.jpg 22,7,615,624,1
axe_113_jpeg.rf.eb5848532fdcbb524a9ba4a973541910.jpg 21,7,621,623,0
Carpenter-Axe_152_jpeg.rf.e910544c609602963352a83c264d79f9.jpg 3,159,579,640,1
camping-axe_18_jpeg.rf.ebb0cb26a13658ba6b779fe2c5c029b2.jpg 54,158,640,636,1
Carpenter-Axe_191_jpeg.rf.eaf9771342013d146414e3d19312e903.jpg 52,267,452,640,1
camping-axe_28_jpeg.rf.df565cd0381b1ec3b13a13756a6de4e0.jpg 37,1,623,632,1
camping-axe_16_jpeg.rf.ee10683a7cc9a2fc0fcb94bad06ffa76.jpg 127,13,554,631,1
camping-axe_17_png.rf.ea5bf0eb13e8019bfae81c28ed01dd8b.jpg 126,89,527,598,1
Double-Bit-Axe_30_jpeg.rf.013cea24139d5a33c033c3746cee247c.jpg 76,57,542,426,1
camping-axe_4_jpeg.rf.0040af39c68f720771b3b9a531ee55fb.jpg 103,141,618,497,1
Double-Bit-Axe_25_jpeg.rf.0064d330df48e483f96fe69ba9d2856e.jpg 46,87,610,634,1
Double-Bit-Axe_28_jpeg.rf.01400656006ab7417963c906c73f32c3.jpg 38,208,636,489,1
Carpenter-Axe_171_jpeg.rf.01d1484bb07e3edfb63bfe6a28e684d7.jpg 43,27,623,542,1
axe_151_jpeg.rf.021074446b988616102e65f77ee8b4d3.jpg 85,21,559,621,0
camping-axe_27_jpeg.rf.00f49b33af616cd3cf1da5d67e772686.jpg 14,200,640,471,1
axe_123_jpeg.rf.023ebced9ab3b2735c4211b8fad8fb02.jpg 164,0,632,587,1
axe_114_png.rf.0407d8815163ea8ec287a2548c88c2e9.jpg 8,207,634,483,0
Double-Bit-Axe_12_jpeg.rf.039903c2dfd957442fbf7296d21b86c5.jpg 73,60,619,542,1
axe_205_jpeg.rf.02b532fac76b1c5441463615089841a6.jpg 37,5,619,627,1
Carpenter-Axe_159_jpeg.rf.03a5f0ab40fc33c1b2ba60091621e6e8.jpg 28,26,609,625,1
Carpenter-Axe_10_jpeg.rf.028d6e958ba285c730a7046e7ec6ba76.jpg 2,1,640,638,1
axe_106_jpeg.rf.02f247881fb750014854359959511c2d.jpg 136,103,640,520,1
Double-Bit-Axe_9_jpeg.rf.00f5e7f3a4f9788e1061f1dd2f7fd83c.jpg 4,1,567,622,1
axe_122_jpeg.rf.03511f136ba99c92ecdc8b7b2046f376.jpg 134,3,456,640,1
Carpenter-Axe_137_jpeg.rf.050ffa7db3272f7a78e801a5786b9c4a.jpg 101,0,632,633,1
camping-axe_22_jpeg.rf.051290f196ac0b486e2091785e0280d7.jpg 163,34,491,567,1
axe_224_png.rf.0499ee9ea236f1c5be1477649a476561.jpg 2,21,640,587,1
Double-Bit-Axe_8_jpeg.rf.040a1a1012fcadbe92b3f3d51970ac99.jpg 61,160,608,554,1
axe_133_jpeg.rf.065b046e122ec6af13dc83386305404b.jpg 75,14,591,640,1
axe_158_jpeg.rf.0778b7443df81ec99c021bdcd528dcd3.jpg 71,61,577,465,1
Carpenter-Axe_105_jpeg.rf.0575902073e2db8556e7bcf7a9ab042f.jpg 18,85,640,537,1
axe_10_jpeg.rf.082dfbee9e419299a58c00eeb5987a79.jpg 2,5,640,639,0
axe_141_jpeg.rf.083f4d35c402d51359cf045c0e45a33f.jpg 16,14,627,614,1
Carpenter-Axe_148_jpeg.rf.02549054baecdf84aed9731b4f47cbf2.jpg 1,17,615,628,1
axe_156_jpeg.rf.0a8e609e5c3f3bbb573a198f5c97e1e7.jpg 96,34,573,623,0
camping-axe_17_png.rf.054e85077fe1a805e5a6ad4f750c4cb5.jpg 126,89,527,598,1
axe_151_jpeg.rf.070c43b08008b14f8f62d6d53b2e5401.jpg 85,21,559,621,1
axe_117_jpeg.rf.0aa46f88101aa58cbe465581e2a8ab9e.jpg 53,132,586,607,0
Double-Bit-Axe_28_jpeg.rf.0b2331f8d252d0e803a1fcd18de9f8a9.jpg 38,208,636,489,1
Carpenter-Axe_113_jpeg.rf.0a055c4c21aa4e5231b5fb507b9b21c2.jpg 55,91,594,578,1
axe_417_jpeg.rf.0b4946682b104b3536c16832f6253f83.jpg 46,58,592,585,1
Carpenter-Axe_126_jpeg.rf.0ba4ae9d7306766e26444cb9940a2134.jpg 130,72,551,640,1
Carpenter-Axe_136_jpeg.rf.0bbd63c4125d617eca0655cd8bbb758f.jpg 89,117,619,601,1
Double-Bit-Axe_10_png.rf.0672520a2b2e73d793eb23c1bc9e6614.jpg 16,9,640,588,1
Carpenter-Axe_161_jpeg.rf.0bbd4f09579c765e34056cbd6e9abed7.jpg 6,5,107,314,1 104,1,205,309,1 208,1,309,309,1 333,1,434,309,1 440,2,541,312,1 539,1,640,309,1 430,323,531,633,1 330,325,431,635,1 210,324,311,634,1 102,324,204,634,1 0,317,101,627,1
Carpenter-Axe_123_jpeg.rf.0bb382c920c930753c6ab49b2dace676.jpg 80,146,533,510,1
axe_134_png.rf.0599ea3db2fcd1455ff3029120919ebb.jpg 27,15,640,629,1
axe_133_jpeg.rf.05a4c6e7eda0cbe1b1fbd9c33b446f80.jpg 75,14,591,640,1
axe_169_jpeg.rf.06bb7fdfbe3d7b7ca1d87bc69cf7fa7e.jpg 199,111,640,554,0
axe_157_jpeg.rf.0dbce7a2d2a31826114426b601dadaca.jpg 233,11,449,640,0
axe_155_jpeg.rf.0ee5e53d532f425ba8c6291c18a92343.jpg 29,43,599,558,0
camping-axe_23_jpeg.rf.0ece38848d890e42c7f78c7e05526c4e.jpg 22,27,604,608,1
axe_137_jpeg.rf.0129951d01b2c6dc0082408e29cc0ec2.jpg 184,48,496,612,1
Carpenter-Axe_117_jpeg.rf.0dcf8d24b26b28808c899ca0be8020fd.jpg 58,127,640,605,1
camping-axe_10_jpeg.rf.0bc2a9eb24eef557c7edd1baac0228b6.jpg 13,23,632,626,1
axe_126_jpeg.rf.0eb1a9e60a545bdf0c4b65ca9f1e6e69.jpg 15,55,622,559,0
axe_141_jpeg.rf.0d4d51d7d2f0b050cabdc2b6fbbba5b4.jpg 16,14,627,614,0
Double-Bit-Axe_3_jpeg.rf.04ea5acbe92fbd5d9fefbf692f52183f.jpg 22,7,615,624,1
axe_100_jpeg.rf.07cd818fe1bdfdf8377640e09feb2733.jpg 118,60,495,634,0
axe_110_jpeg.rf.0b40ca7f92cd4f1d7450d83c39d3a732.jpg 44,45,618,594,0
Carpenter-Axe_137_jpeg.rf.108a9a3f3bf9128e07adae0e35d61210.jpg 101,0,632,633,1
Carpenter-Axe_102_jpeg.rf.117c0b96f65b380fca45ff2c002d525e.jpg 124,21,588,574,1
axe_169_jpeg.rf.08455fb8a0f4d4b8d634d63c7e84a5c1.jpg 199,111,640,554,0
axe_110_jpeg.rf.0c4924e04269008b662d800b55b6366d.jpg 44,45,618,594,1
Carpenter-Axe_102_jpeg.rf.12537e8caf720817c54ce443de627c4e.jpg 124,21,588,574,1
Double-Bit-Axe_18_jpeg.rf.176d2d181c3ff765a7598dbc529fb614.jpg 127,11,512,627,1
axe_137_jpeg.rf.11ff533625b2db4597297e53204b7a98.jpg 184,48,496,612,0
axe_105_jpeg.rf.187089d6b1a9853d0554e8d82f05c57b.jpg 6,3,640,640,0
Carpenter-Axe_141_jpeg.rf.16ff49d3a126fe2974b2a16462516dcb.jpg 9,182,640,485,1
Carpenter-Axe_138_jpeg.rf.180eb8965f5409bf7281b79f769a77d8.jpg 56,188,602,504,1
camping-axe_24_jpeg.rf.104034c5ffb0473b33ae4361443f50e7.jpg 13,138,640,582,1
Double-Bit-Axe_15_png.rf.0fb28412514ec44d3b2bac0c41d45a88.jpg 13,187,632,488,1
Carpenter-Axe_172_jpeg.rf.1838e73b6e757f9cfaf10ba697fc0814.jpg 37,41,588,315,1
Carpenter-Axe_116_jpeg.rf.0b6b22f7e0ea4105b3fdfddeadde7eb4.jpg 79,153,480,457,1
Carpenter-Axe_126_jpeg.rf.1940b0f27baa8bb32e816413a20bcc0c.jpg 130,72,551,640,1
Carpenter-Axe_179_jpeg.rf.0b5c329ef0a5a9d7cb5f903adfa51c1d.jpg 65,25,603,580,1
Carpenter-Axe_165_jpeg.rf.1713f445ecaefe22672214c6a82ddb3d.jpg 100,28,632,549,1
axe_133_jpeg.rf.0f7675537985b06c4c2cb1b866daf9bb.jpg 75,14,591,640,1
axe_103_jpeg.rf.12b7d714e11fceff33eb3b9c7fc5b16d.jpg 413,226,639,612,1
axe_154_jpeg.rf.18117f8abd03745c417175667a710ddc.jpg 223,143,463,639,0
axe_117_jpeg.rf.10740704c00872ea49dd09aed33dfab0.jpg 53,132,586,607,1
camping-axe_21_jpeg.rf.1bde37e59f95636129147eb4aa3e27fc.jpg 2,199,640,444,1
Carpenter-Axe_106_jpeg.rf.19533cd19d9e755d57cd3b5a47b52068.jpg 44,52,611,570,1
axe_137_jpeg.rf.1c57c0323f5e108cd68bc8dcd7538f19.jpg 184,48,496,612,1
Carpenter-Axe_141_jpeg.rf.18bea0e61a536f1344f2fc0ef773729e.jpg 9,182,640,485,1
Carpenter-Axe_163_jpeg.rf.1e9c5431a2ee82be6f244c5c43501d25.jpg 13,21,634,574,1
Carpenter-Axe_14_jpeg.rf.0ed98e6faf3dca8d08c80b15a62edb4f.jpg 210,66,407,640,1
Double-Bit-Axe_14_jpeg.rf.13deba435afc9b13a03bd96de7042d04.jpg 187,51,479,555,1
axe_224_png.rf.10494c6ff1492f84c01936bf790a1c74.jpg 2,21,640,587,1
camping-axe_6_jpeg.rf.120bce96a8afb3f2ecfc9c6ca2ad04e9.jpg 13,334,308,631,1 4,3,316,305,1 328,1,486,324,1 335,327,640,625,1
Carpenter-Axe_158_jpeg.rf.1b3cd654ad285714a9c141ece1d3339e.jpg 167,35,477,602,1
Carpenter-Axe_179_jpeg.rf.201a90fc35698845b5f130fded7ed4a8.jpg 65,25,603,580,1
Carpenter-Axe_159_jpeg.rf.16bba514587890f696658664ce0e5d78.jpg 28,26,609,625,1
axe_116_jpeg.rf.1f4ebc4a8966cfb925517a55ea339b25.jpg 121,4,223,640,1 211,0,313,635,1 293,1,418,627,1 379,1,504,627,1 473,1,598,627,1
axe_158_jpeg.rf.1f0436ff64fd204d4fb79aea83c2d812.jpg 71,61,577,465,1
axe_128_jpeg.rf.1ea38b35207efe34bf18f429fa73361b.jpg 1,58,640,640,1
Carpenter-Axe_101_jpeg.rf.21d452b0ddc8047128c70bd9f1885366.jpg 340,68,630,640,1
axe_158_jpeg.rf.1e6ce5ad5d65ada849998c9ecb8b33d1.jpg 71,61,577,465,1
camping-axe_23_jpeg.rf.21c3f06a0bf222450bc7df7f0c43f2c6.jpg 22,27,604,608,1
Carpenter-Axe_115_jpeg.rf.198dc7e506326120dfdcc2a88fcacc10.jpg 118,82,581,640,1
axe_113_jpeg.rf.21862015b186a067d3cfe712e5d11a1c.jpg 21,7,621,623,1
Carpenter-Axe_154_jpeg.rf.21d4f8346f846522188095cd15f83d22.jpg 7,33,639,614,1
Carpenter-Axe_122_jpeg.rf.21737e77eaf0aff149b8c20663e942d0.jpg 113,7,640,571,1
axe_122_jpeg.rf.1c423fb91cf95d40bacb2f98126953f3.jpg 134,3,456,640,1
camping-axe_26_jpeg.rf.1fd0ab4b6607a69c4ace2d5a74cb0b2b.jpg 0,1,633,638,1
axe_156_jpeg.rf.1bae3bf2e835e68546cd2041102cde24.jpg 96,34,573,623,1
Double-Bit-Axe_21_jpeg.rf.2346d7a6e976df5d5eedfa9fef23ed8e.jpg 30,0,609,618,1
Carpenter-Axe_108_jpeg.rf.21bb9578493e9f6c0606c2c1ec91d02c.jpg 12,1,638,274,1
Double-Bit-Axe_20_jpeg.rf.1c535aa2f06c9c3c3ff396f1d638d4d8.jpg 54,16,596,512,1
Carpenter-Axe_150_jpeg.rf.08c07249141939d467c0b13cf29b5f4e.jpg 36,169,604,585,1
Carpenter-Axe_135_jpeg.rf.23b4f0ef163d4dec413e73f7938e63a2.jpg 14,195,639,607,1
axe_127_jpeg.rf.22b588175f5a4fb372d7b48c963d9bee.jpg 15,8,639,636,1
Double-Bit-Axe_21_jpeg.rf.249d3974786d226b4a5aefa74a99f611.jpg 30,0,609,618,1
axe_154_jpeg.rf.2433aa1e2233707e549fe42ebd02f91f.jpg 223,143,463,639,0
axe_109_jpeg.rf.1a6864f6da3394022601ea00166a45b1.jpg 14,50,640,602,0
axe_107_jpeg.rf.22da7356fcc1c5b7e6eb1464b1901036.jpg 10,165,640,586,1
Double-Bit-Axe_24_png.rf.29560eda001ee51fe7064e350417b4ce.jpg 30,33,600,618,1
axe_103_jpeg.rf.22fd9cdcd9c3056a3e4c531922f26570.jpg 413,226,639,612,0
axe_110_jpeg.rf.24b0fa407484788b73e44d9d7c5285ae.jpg 44,45,618,594,0
axe_121_jpeg.rf.24aaf7b4902dcb3223c0f602a87bffb5.jpg 47,1,607,640,1
Double-Bit-Axe_11_jpeg.rf.22fd69044881023ad0f311ac4e216739.jpg 10,10,608,640,1
axe_169_jpeg.rf.29847be001d622e74ee2be0a4b0aa7ca.jpg 199,111,640,554,0
axe_115_jpeg.rf.26aa43fe3ae7bc54fd8bdb9dcf5e7074.jpg 112,53,575,520,1
Carpenter-Axe_179_jpeg.rf.244a8152940080871ec21ba5d9b116db.jpg 65,25,603,580,1
Double-Bit-Axe_30_jpeg.rf.2ab05d0d177d64cc02e2b392808bda65.jpg 76,57,542,426,1
Carpenter-Axe_115_jpeg.rf.2b13cb413b12ea43cc2d88565a56e3ce.jpg 118,82,581,640,1
Carpenter-Axe_160_jpeg.rf.2c2fa4eea770ae3ada8b3823e563deae.jpg 43,21,554,640,1
Carpenter-Axe_168_jpeg.rf.28510053aeb3eebbeccc922afb44665d.jpg 1,148,633,520,1
axe_106_jpeg.rf.2d96c03142b7bc602e2a8d5f9a516f78.jpg 136,103,640,520,1
Carpenter-Axe_149_jpeg.rf.27ced77b8676bfa5f35cb49ef766284d.jpg 43,1,622,630,1
Carpenter-Axe_117_jpeg.rf.2b2c3bf2bdd5461126c5b6b290d48e79.jpg 58,127,640,605,1
Carpenter-Axe_107_jpeg.rf.21adaeb55ca826b48e0914ebc30ce584.jpg 50,29,596,603,1
axe_126_jpeg.rf.2f71f295c42de59b73e6f924f0c91df9.jpg 15,55,622,559,1
Carpenter-Axe_96_jpeg.rf.2b9609b06756140540a298eb67a8a099.jpg 79,118,595,575,1
camping-axe_19_jpeg.rf.24696d72b1afdc290e882db1a214861c.jpg 58,33,640,591,1
axe_155_jpeg.rf.2f3647ade65f0cd9c0e4c1d705bf2b8b.jpg 29,43,599,558,0
Double-Bit-Axe_10_png.rf.1940bd3487e8b824d14370bccad32cb4.jpg 16,9,640,588,1
axe_101_jpeg.rf.1f14db175d8722fb348d1d5fd2f5347e.jpg 188,36,522,400,1
axe_115_jpeg.rf.3175d20915a85cd7fdfd916fda47b4c0.jpg 112,53,575,520,0
Carpenter-Axe_107_jpeg.rf.3350df2a6ab355c5472a1ff9c8269d3a.jpg 50,29,596,603,1
axe_101_jpeg.rf.30cc29c4c5d0c3f1db4b5181cdedcb3e.jpg 188,36,522,400,0
axe_928_jpeg.rf.32a5eabe01cf6f4547638181f8913e50.jpg 177,8,471,640,1
axe_114_png.rf.254007d7c5c5a92fc08f0205ce6138f1.jpg 8,207,634,483,1
axe_143_jpeg.rf.27409954f679da918a3f4383eedbfb7e.jpg 99,17,488,510,1
Carpenter-Axe_172_jpeg.rf.332cf93431090c1f62abd8f879d32186.jpg 37,41,588,315,1
Carpenter-Axe_121_jpeg.rf.2dc1aed722ba0df01de1bf90012a4402.jpg 100,26,610,640,1
Carpenter-Axe_104_jpeg.rf.3265202f46145797e86e050bafca68b7.jpg 14,17,631,597,1
camping-axe_9_jpeg.rf.2e9f2bf9352b35d8df0cb590b48c98ce.jpg 378,25,597,628,1 43,15,285,632,1
Carpenter-Axe_155_jpeg.rf.2c70a37cb51f012a21d916a47ef7b53f.jpg 50,176,580,481,1
axe_110_jpeg.rf.31863fa9d349f7fd5fdb114bb717e279.jpg 44,45,618,594,1
Double-Bit-Axe_18_jpeg.rf.2187de0a6ee119b63588bd2ddb0724c8.jpg 127,11,512,627,1
Carpenter-Axe_107_jpeg.rf.31b8950064b22e1a92e49f4b7b87f81b.jpg 50,29,596,603,1
camping-axe_19_jpeg.rf.289fa183fd8ff9efaae36b2c7b9e397c.jpg 58,33,640,591,1
axe_128_jpeg.rf.33ab0d838489aed658c8d6aec63c9374.jpg 1,58,640,640,1
camping-axe_29_jpeg.rf.2fa0f85f0e950414b4ad1e1d827251d3.jpg 197,61,467,598,1
Carpenter-Axe_191_jpeg.rf.2ee5239b423621bb559cef6df6332f0b.jpg 52,267,452,640,1
axe_144_jpeg.rf.ef721355cfcc97807362c90728603bd0.jpg 2,131,640,507,1
camping-axe_18_jpeg.rf.ef99e4ef102fbffa1296c6539f3baa5c.jpg 54,158,640,636,1
Carpenter-Axe_166_jpeg.rf.efd268fe7f5ab23203963967dd9ab6d0.jpg 93,39,533,605,1
axe_102_jpeg.rf.f0963aa61c5c99e5876ea28341d59da2.jpg 26,12,636,634,0
axe_126_jpeg.rf.f1a6589ae5a309bc432f285ee3829d8c.jpg 15,55,622,559,0
camping-axe_10_jpeg.rf.f218dd491471f2bade031acd74dc75d7.jpg 13,23,632,626,1
axe_109_jpeg.rf.f2370d58529c6c6e315674db71128c3e.jpg 14,50,640,602,1
axe_144_jpeg.rf.eef62c4dda546030b84dabfa042e2165.jpg 2,131,640,507,1
axe_124_jpeg.rf.f208cbb7064c18342c435a01406f89b9.jpg 31,27,570,640,1
camping-axe_15_jpeg.rf.f237c53760c0a1c35871be85a6a12e22.jpg 76,26,611,585,1
axe_123_jpeg.rf.f321ae16fb36994cd9e9deebdcf2eed0.jpg 164,0,632,587,1
camping-axe_17_png.rf.f527b20ef6a230a71fdd1bc3661e2ec3.jpg 126,89,527,598,1
Carpenter-Axe_105_jpeg.rf.f0b953c5800eb6feaec8e31207bd7e51.jpg 18,85,640,537,1
camping-axe_12_jpeg.rf.f2a3b327d83838ad488f2f51c248721d.jpg 101,12,584,640,1
Carpenter-Axe_119_jpeg.rf.f4b12ffe97340c4ea3dab812f605fc81.jpg 9,10,541,361,1
Carpenter-Axe_115_jpeg.rf.f3d93075549e287675553185c1f85970.jpg 118,82,581,640,1
Carpenter-Axe_153_png.rf.f4004dab0571f9d73efb113fa4a11b29.jpg 113,9,607,627,1
Double-Bit-Axe_19_jpeg.rf.f4a3284aad6e02a01d7fcf56ec61c769.jpg 70,103,581,562,1
Carpenter-Axe_152_jpeg.rf.f54debdccd9d3082d0ccc409518ca570.jpg 3,159,579,640,1
Carpenter-Axe_100_jpeg.rf.f54625167998c83087b9bdb1a44cc87b.jpg 18,16,625,602,1
camping-axe_30_jpeg.rf.f0d129e21a9999b9f4246b59ef6c4ea7.jpg 90,137,583,556,1
Carpenter-Axe_167_jpeg.rf.f2dc4fb81b5e1b86f8ed879bee32df2d.jpg 110,57,547,566,1
Carpenter-Axe_122_jpeg.rf.f5e82e3d6276d8f599f1efd2409cea20.jpg 113,7,640,571,1
camping-axe_19_jpeg.rf.f5f5de4ce4ba2e37071ae469d157f08a.jpg 58,33,640,591,1
Carpenter-Axe_136_jpeg.rf.f6bf034030f36c705326d79ba2225c65.jpg 89,117,619,601,1
axe_141_jpeg.rf.f6082b40ba337ace54276586ba6bc885.jpg 16,14,627,614,1
Double-Bit-Axe_17_jpeg.rf.f706703523b1e740d16f7a6c583c9594.jpg 70,33,619,640,1
axe_134_png.rf.f7b1ebce2a02da6fcb0ffa040c0d835a.jpg 27,15,640,629,0
Double-Bit-Axe_19_jpeg.rf.f8211b7a2a53fba7777d4b7f10249784.jpg 70,103,581,562,1
Carpenter-Axe_120_jpeg.rf.f6432ab6340a50bc13f4120d487e7fb6.jpg 51,35,640,631,1
axe_126_jpeg.rf.fa452d7774de406de0ef42394ee89e6e.jpg 15,55,622,559,0
axe_157_jpeg.rf.fa51342bc5e37a58356c85a72e142bf9.jpg 233,11,449,640,1
Carpenter-Axe_112_jpeg.rf.f8dc21161c0cb5eb65ae600097b1b1cb.jpg 106,22,616,579,1
axe_122_jpeg.rf.f80ee73751f918cdd293469272c87c57.jpg 134,3,456,640,1
axe_122_jpeg.rf.fc021d6099d879b90f2d70513ad78407.jpg 134,3,456,640,0
camping-axe_24_jpeg.rf.f640594603755e892d8da711f37cd11a.jpg 13,138,640,582,1
Carpenter-Axe_153_png.rf.fcdd69cdaeef567ba5fea655260d8cb1.jpg 113,9,607,627,1
Carpenter-Axe_108_jpeg.rf.fb71f2bdf1e46d4a9b3968cdd09592c6.jpg 12,1,638,274,1
camping-axe_6_jpeg.rf.fbb8c5947c356c2fa4c9250e512e33d3.jpg 13,334,308,631,1 4,3,316,305,1 328,1,486,324,1 335,327,640,625,1
Carpenter-Axe_161_jpeg.rf.fc93dae1eb67ce71feb835dc8ea22933.jpg 6,5,107,314,1 104,1,205,309,1 208,1,309,309,1 333,1,434,309,1 440,2,541,312,1 539,1,640,309,1 430,323,531,633,1 330,325,431,635,1 210,324,311,634,1 102,324,204,634,1 0,317,101,627,1
camping-axe_28_jpeg.rf.fcea2c628bc7178b96e83f61d8f9ad2f.jpg 37,1,623,632,1
axe_121_jpeg.rf.f84a1e4d0b836573333421980cd11368.jpg 47,1,607,640,1
Carpenter-Axe_166_jpeg.rf.faffd466f6f42ea5c81be25757627ef3.jpg 93,39,533,605,1
axe_100_jpeg.rf.fb7332711f2260706e0c92f981e9bc0c.jpg 118,60,495,634,0
camping-axe_5_jpeg.rf.fd1a51c4564d0e85892f14315fd3df7d.jpg 23,116,627,615,1
axe_154_jpeg.rf.fd03ac27ac50c9239378db6481718eb0.jpg 223,143,463,639,1
Carpenter-Axe_121_jpeg.rf.fcb53b1060b3c580bd51ed0d90dfc9f9.jpg 100,26,610,640,1
axe_117_jpeg.rf.fa4e3885398a356ce4dc72227f55dcb7.jpg 53,132,586,607,1
Carpenter-Axe_104_jpeg.rf.fb05f7b2a5d05f60d5d77c72eec07879.jpg 14,17,631,597,1
Carpenter-Axe_166_jpeg.rf.fb1c395670097e316b70e7a0367fc9ab.jpg 93,39,533,605,1
axe_128_jpeg.rf.fdbde0a2bb7eac74560d7de90bc1dc1a.jpg 1,58,640,640,0
axe_111_jpeg.rf.f623f2801f0f7a552686d19151265d21.jpg 51,20,575,634,0
camping-axe_20_jpeg.rf.ffb4ff726ae7edc008803bddec506e5b.jpg 11,0,640,608,1
axe_105_jpeg.rf.fdd189e081f71332a6319750d1388910.jpg 6,3,640,640,0
Carpenter-Axe_127_jpeg.rf.f9a697c847a82d19c3b805a8162f5ef7.jpg 24,23,237,503,1 222,67,611,496,1
axe_151_jpeg.rf.f96753bcc638b184719a1161d38b1fad.jpg 85,21,559,621,1
axe_158_jpeg.rf.fd4c9a6419da9268544fa4a2b3c0769a.jpg 71,61,577,465,0
Carpenter-Axe_170_jpeg.rf.fcfd53d50a7d0ad058299d34eccc55d6.jpg 20,173,615,475,1
Carpenter-Axe_128_jpeg.rf.f6324a1e3a44880550bea9a71df6c42c.jpg 42,23,598,580,1