celur-112-_jpg.rf.6d9014161cdb1a4c55d768c553af27a9.jpg 80,20,394,588,0
celur-50-_jpg.rf.6dcab64ac7692506f0e540e82478befc.jpg 284,237,453,525,0
celur-76-_jpg.rf.78eb41c8c7c6a6a61319d4a04106acf0.jpg 87,184,412,608,0
celur-71-_jpg.rf.6d5bdd734e4d7193de2cdadef99c3bcb.jpg 297,157,482,575,0
celur-297-_jpg.rf.6e1084949ff4e34bf77b0abd0f92d12f.jpg 233,43,447,629,0
celur-273-_jpg.rf.7d86df930519c68a9c16e8e73a8f069e.jpg 202,15,621,626,0
celur-184-_jpg.rf.6d36fa5a3a57150f5bc31a7dc5e21a79.jpg 176,4,340,640,0
celur-259-_jpg.rf.75d02355df00494fe66f0bc52675f4e9.jpg 17,329,608,540,0
189c68c3-849b-4083-9fbe-8b69c9720179_jpg.rf.725713a0af5193968571164dd3abd2bf.jpg 136,138,324,603,0
celur-165-_jpg.rf.75bee128fb1bd2022fc93004ebcff023.jpg 68,61,599,571,0
c70240df-c0be-424a-8347-05e2c633ef96_jpg.rf.7cf7897f272ce209634590ae142cac40.jpg 12,214,626,322,0
celur-110-_jpg.rf.6de26ee49c75c64124f4fb20fbb9881f.jpg 213,23,404,586,0
celur-11-_jpg.rf.71b46f4cd665b36c8d4412d4ad939076.jpg 200,3,599,496,0
celur-136-_jpg.rf.7c445e5792723145605f3dd4a4e90790.jpg 209,195,479,590,0
baa6bd81-3588-4447-b59f-499766743743_jpg.rf.71d97c112316311f7cc09c072d11dc99.jpg 16,127,631,347,0
celur-88-_jpg.rf.710a478709b692f45da114ee4952cbae.jpg 156,207,455,628,0
7ddd4500-39d5-43d3-9962-a58e434ca420_jpg.rf.7aa2a9dee3c76397445a58ab220f3078.jpg 36,308,218,626,0
celur-212-_jpg.rf.7b81d8d45aad5e164ef1d7ebb2950d9f.jpg 40,3,584,496,0
celur-224-_jpg.rf.7565d4b81e4ae2354983cfd0970cab6e.jpg 1,252,640,503,0
celur-264-_jpg.rf.737fb7ed63123532bfef6a8c0213d8f2.jpg 22,96,640,536,0
celur-82-_jpg.rf.72261c426062a7217d6b066f0bc1df25.jpg 120,211,613,571,0
celur-60-_jpg.rf.7793ddfd71f3caedc7fbb2538e45062a.jpg 136,222,640,476,0
celur-222-_jpg.rf.7b8c7d7297249c819fc2f467861e7fb6.jpg 22,69,598,632,0
celur-125-_jpg.rf.7bb759f5c4c85ef5b39a5cccd3ecaa03.jpg 177,34,487,595,0
082c3a44-093b-4197-9724-5e1a13c80e29_jpg.rf.7de4277f5aecb4aeb1939921ddf1fed1.jpg 88,308,208,536,0
celur-5-_jpg.rf.7eec3a994be854f310a0c16971e683f8.jpg 23,86,630,603,0
celur-138-_jpg.rf.7ee9f6977f85fb0d25c0e89766314c0a.jpg 272,1,429,640,0
celur-105-_jpg.rf.7ef0a6a2da5591a72477983fed578fbd.jpg 232,24,421,590,0
2ca6cba0-cc48-4cd3-9989-bbe7fa5ff630_jpg.rf.6ef9d07a8b319f14cb89f316dbdc5af3.jpg 240,18,442,623,0
celur-103-_jpg.rf.7f9b39bd547f2d63f4241a126ae43239.jpg 183,59,499,607,0
celur-288-_jpg.rf.8099b0fae1be5e518a722c332ae5f9d8.jpg 97,0,562,640,0
3dede029-1dc3-40c4-9e5c-3999e3625eb6_jpg.rf.8a2b2dd49c5a4b57cf3c446f46e55475.jpg 257,8,380,631,0
celur-73-_jpg.rf.890b1bc073edbefce102c00c23f44b73.jpg 294,155,491,587,0
celur-26-_jpg.rf.7e5b57331ed9e8beacc0526cceb6647d.jpg 216,195,515,562,0
5a18e972-3713-4da6-9584-6061bc26a7a6_jpg.rf.82ea6fb7568a7d782a4b6d967a6d5292.jpg 213,29,591,600,0
celur-275-_jpg.rf.7ead96f821b09bf5a91f4c0189b042a2.jpg 332,67,506,562,0 119,68,290,550,0
ae97ef68-56db-4121-9dab-19667f530cfb_jpg.rf.899c83a1a407889ab3bf8286d49b4109.jpg 21,63,607,540,0
celur-131-_jpg.rf.8258a2bafcf3fbabeaf2bc30c57c0484.jpg 46,0,544,622,0
celur-138-_jpg.rf.80dff6a167349698b7e93ebd1fb75e1b.jpg 212,1,369,640,0
9ed0604e-58bb-45eb-98b8-52863c073f55_jpg.rf.839d58f7ceb36684e3d53ee233cd0ee5.jpg 226,214,397,495,0
80589385-1b46-4da4-832d-8df66ecb41d7_jpg.rf.82bcce7d0698af2bccb5ef260165daa5.jpg 52,268,620,392,0
celur-177-_jpg.rf.8ca6a142b61d2c3c0859685fec50ee10.jpg 31,231,603,513,0
faf4eae0-4194-4ca3-a557-63329dccb8e5_jpeg_jpg.rf.8bfed257959f0c7c5e5942b26457e5ba.jpg 84,424,468,548,0
14472cbe-d5b0-4a8a-a24b-e7fe100a6d5c_jpg.rf.8d831a1b4fcc9e50f0fec80b40a87abd.jpg 369,412,640,567,0
celur-12-_jpg.rf.8c30377051be604b0e09b9d0371be110.jpg 58,21,595,298,0
celur-259-_jpg.rf.89ba2304a09f02ace5cc0dd9fa28a5d8.jpg 32,329,623,540,0
celur-183-_jpg.rf.8b5fe8a29d82b519db017edc84a0b252.jpg 196,19,528,617,0
celur-178-_jpg.rf.8be1ac57987b42f2929eaf5307454dd2.jpg 198,13,425,633,0
e2fe5766-1db5-4907-bf9b-a4d8ad99d478_png_jpg.rf.8d1978332c920da3bed28d7b80afd123.jpg 72,0,608,524,0
celur-129-_jpg.rf.8e8361032c8c667e48474a08666e13a7.jpg 131,64,345,505,0
celur-232-_jpg.rf.85182ef4f437c275efae4835be3c4642.jpg 195,0,428,640,0
c0161834-0b04-44d0-b5cb-43c82148bbf0_jpg.rf.8679b11ccc1a5e5bb70396629615ffed.jpg 235,193,469,565,0
celur-133-_jpg.rf.83d45bf4d3e24aaa2048332226678e45.jpg 188,73,444,568,0
celur-275-_jpg.rf.8d36f4a8e003137dae7b4f34c604457e.jpg 135,67,309,562,0 350,68,521,550,0
0291623e-bd4d-42a8-ba57-54cc07e5c6ca_jpg.rf.8fda8223eed01fab550c3d077f548819.jpg 269,559,346,638,0
6cfdeeb4-1e83-424d-bbb3-caf0311c39ac_jpg.rf.93421ae4919bb109e0f672e3e417eb49.jpg 132,41,270,239,0
celur-139-_jpg.rf.911f00f21f0c8eccbaa94dfb50f5d4c8.jpg 44,161,609,417,0
3972f8b3-6a04-4fdd-88fb-d8dee80801aa_jpg.rf.8f77113285f2739ab6081f4a13041c9b.jpg 14,213,633,307,0
bc92589f-befb-4f20-af6c-86fc8d6aafbb_jpg.rf.9244f128b0dd2150f6f0b2c9c47b66a9.jpg 48,164,640,381,0
celur-228-_jpg.rf.9518256fd50054f1fcef57b98d48a81c.jpg 37,60,559,588,0
86848089-05ad-444b-baf4-ad454693ecb5_png_jpg.rf.8ebde169a543137ca4183c904a289752.jpg 170,94,551,640,0
celur-48-_jpg.rf.93afbb74b59a1488eb2760b6402263f3.jpg 211,234,474,545,0
e8e99a8d-cca6-4f4c-9ab7-aed40472552e_jpg.rf.969ed56fbc7f93f0b5ff05f635e5278f.jpg 29,210,537,462,0
celur-226-_jpg.rf.9403df27a015c8bf2ba08c2c6999c302.jpg 33,53,616,471,0
celur-40-_jpg.rf.8f92f5776ca89aa7155670f1b8ea39da.jpg 156,184,449,479,0
celur-62-_jpg.rf.98fe27daac694b0f5f355de4a38c1137.jpg 0,209,497,490,0
celur-129-_jpg.rf.8e80da0d16ba6ce72b38aad164a6444e.jpg 296,64,510,505,0
celur-211-_jpg.rf.94827c0f0ac856e7768e215295ef4c9e.jpg 257,1,572,640,0
celur-286-_jpg.rf.994f74e97345900068a597d2f836b3ea.jpg 129,11,443,636,0
celur-2-_jpg.rf.970014b22f7454171103629d648ade43.jpg 200,10,488,627,0
celur-255-_jpg.rf.94c1f7d0ff8e95639ac8463c62c3f6e6.jpg 64,6,560,640,0
459aab8b-70f5-4eca-a5bb-a45dd83b842e_jpg.rf.93dfd65779db4118ce3ca7e2d95f246d.jpg 49,289,590,530,0
celur-172-_jpg.rf.93d5d5a7ee382687ecf17d3a76492045.jpg 44,54,585,542,0
69896e53-9f78-42d4-b950-652ae8ec17a3_jpg.rf.9751ad2c77b13a0f4d511e9e6e4a029f.jpg 66,8,550,588,0
celur-108-_jpg.rf.9a883acfc4ffddfc40fb2f118be9b0df.jpg 234,21,425,596,0
5a18e972-3713-4da6-9584-6061bc26a7a6_jpg.rf.9688304e05307be03e6106dda465bfa3.jpg 29,49,600,427,0
celur-168-_jpg.rf.9adbe16597d9354fd9d50f98b3e96bc0.jpg 189,78,598,611,0
celur-148-_jpg.rf.9afe6d921cd8dc11f5af3230686e2e3e.jpg 239,10,602,640,0
47509818-5ae9-4e5e-b4c2-cbe57a1bb501_png_jpg.rf.8efb2446e00949321fa529fc811a8298.jpg 36,78,640,279,0
celur-62-_jpg.rf.990fb3b516b1b76d8f8908eed14f980a.jpg 143,209,640,490,0
celur-242-_jpg.rf.9567de16d0b14e52a32891cd71a5e8d6.jpg 58,1,378,640,0
celur-247-_jpg.rf.a2b3326ab92b45c8edebc39a8a146a7a.jpg 132,6,476,594,0
4886f7d2-2351-4efc-a431-487bf5aa09ec_jpg.rf.9ff76716d80dc39675d6a0f7dfd0a8ba.jpg 61,204,393,445,0
celur-111-_jpg.rf.8bc3c279375594975f05943b96e48796.jpg 273,12,562,583,0
celur-111-_jpg.rf.a08ea427e1cbd1bed0e2e8376738ac92.jpg 78,12,367,583,0
d8fa6850-8c9c-4ee1-a9c3-75b1bda4e65c_jpeg_jpg.rf.9c191bbf71422c748d31e95c51db043d.jpg 21,76,636,368,0
celur-75-_jpg.rf.a3ff67c6929239b19e7ffe2d54e8d10b.jpg 119,181,414,594,0
celur-68-_jpg.rf.a3a5cb599bf929185a355d35288a995a.jpg 195,192,525,592,0
celur-237-_jpg.rf.9fcf7b41c23823a2fcb6c95d6ea80dae.jpg 178,0,508,640,0
celur-128-_jpg.rf.a0aff07dc9a72b8148fb1d8d320f534f.jpg 68,9,382,567,0
3d034eca-d24a-4a6c-a2d2-f0b6e1b6dbe0_jpg.rf.9aecd1cee67cce8053761f19ee9265c1.jpg 17,27,629,607,0
f2ff4fec-7429-43e7-b87c-748734de6aeb_jpg.rf.956697f6bec6e9b57d1621de29aa7f38.jpg 16,29,630,637,0
celur-233-_jpg.rf.a4e7dcca51ab7f11827a628ab5dc9de6.jpg 26,7,612,640,0
celur-143-_jpg.rf.a784eafc43b3358765d754be0f2d9c1a.jpg 29,9,605,593,0
celur-126-_jpg.rf.9b51256c014f3ab01b94e06d5c02849a.jpg 217,30,554,578,0
celur-24-_jpg.rf.a6ba9c86fece5f0e26ac3453ef47186f.jpg 188,199,485,562,0
celur-114-_jpg.rf.a66fb81b01459a5ab18649b98a613d04.jpg 212,5,452,604,0
celur-26-_jpg.rf.ab3176ddc3374a8c7b9d334a1ded55ad.jpg 126,195,425,562,0
90ebc97e-2648-449d-9898-153b7ddbe52c_jpg.rf.9ed4770d0d80e10978105f100f656de2.jpg 8,4,625,614,0
celur-115-_jpg.rf.a73aa46a06f84fa80d16b7068ce1a752.jpg 199,2,437,591,0
b80f6d7a-b773-430d-854a-57c7f4e86aab_jpg.rf.ad7cd9e7f0cbb812175493e4a0b049ff.jpg 31,13,596,623,0
celur-147-_jpg.rf.adc4d519f3d8c2f670f095b8c6ffd11c.jpg 421,75,639,551,0 136,73,337,567,0
64820b28-aa7c-4b7b-aa58-6683b2725582_jpg.rf.b1a42568035451d6ab4fb770534c2636.jpg 106,143,464,601,0
594b11b8-c2f0-42d2-b2ca-a28ca111d53c_jpg.rf.aec1fc16fa7c80f45c63b3c457440e83.jpg 0,262,579,582,0
f48fc350-c8b1-48c2-8986-af68a3ab3970_jpg.rf.afb554d214f3dbee63057b4b85be174f.jpg 213,53,417,570,0
2866efe5-cf11-42e5-ac55-309a3d4dcc66_jpg.rf.b1206bfca3d440cd6d5921518473bfe0.jpg 95,29,627,561,0
celur-148-_jpg.rf.a410d0e5e1617be5dd3dbcf73fcdce32.jpg 39,10,402,640,0
f72cb365-899e-442e-82de-fda2138c3b5c_jpg.rf.b1f9c2a9aeaa77a6b558c7040f3f20ac.jpg 265,32,361,617,0
celur-164-_jpg.rf.afc2a9b4c0f812dce7830629623a79dc.jpg 125,54,630,626,0
celur-32-_jpg.rf.b2229cf88f30774c8efc923e1e3a94d0.jpg 151,204,463,519,0
celur-11-_jpg.rf.b4bfc401064fe7132e35427a6fbe2973.jpg 42,3,441,496,0
celur-39-_jpg.rf.b0acd00145d9e624252f92856013da14.jpg 250,206,412,557,0
6cfdeeb4-1e83-424d-bbb3-caf0311c39ac_jpg.rf.b586bd3b44de3425a8176821026aa3ed.jpg 132,41,270,239,0
celur-246-_jpg.rf.b428782a3829fe8cf964d543f650113d.jpg 199,2,522,640,0
celur-28-_jpg.rf.aff09fe646c3ecae623328dbf0a76740.jpg 79,213,406,581,0
celur-120-_jpg.rf.b5da9e65ccc040c26207dfa060f61f35.jpg 193,30,554,584,0
3d49dd40-7a37-4025-9adc-eb10ec2edfa5_jpeg_jpg.rf.b69eba24655f90d072c1fcd787281f0c.jpg 301,182,523,640,0
c662bf77-6df4-4808-ad34-93b1a6db25fd_jpg.rf.b75557914f28336d25bf97d167b792ec.jpg 24,16,638,566,0
celur-66-_jpg.rf.b67fa4740acd20945b6c9c5c052eb8ff.jpg 188,199,397,615,0
celur-243-_jpg.rf.b4a25c41c83c81d932ce19d6b0cfe5cd.jpg 147,33,377,628,0
celur-13-_jpg.rf.b7657767ee5a0df404c3cda126441fd3.jpg 158,34,393,598,0
celur-256-_jpg.rf.b569c69dec1c3faab3172ae660ddda24.jpg 23,171,640,640,0
celur-154-_jpg.rf.b14e3a38c9d13b02807a46d33257eb03.jpg 233,1,404,640,0
e2fe5766-1db5-4907-bf9b-a4d8ad99d478_png_jpg.rf.b777027428cfd2a3fd9a9ecc67733a9e.jpg 72,0,608,524,0
celur-61-_jpg.rf.b9fa7b3584f47806f4bf811f1030fdf4.jpg 0,219,497,491,0
celur-20-_jpg.rf.bf4643cda5eb123106056628ac991d38.jpg 67,150,583,559,0 9,35,401,357,0
7ddd4500-39d5-43d3-9962-a58e434ca420_jpg.rf.ba42ab7f79866651ad204e037b49e9af.jpg 36,308,219,626,0
25365130-7d4c-48b9-87ea-4e59212bece1_jpg.rf.b6f713b843315ff21b28d328e40beaf6.jpg 7,13,634,591,0
celur-176-_jpg.rf.c556a0ebadb87d8361bab66eb7b3a81a.jpg 185,29,341,599,0 329,54,479,622,0
celur-152-_jpg.rf.b83937c2b688a5f0fb4ead2b6faa1a0e.jpg 132,0,376,640,0
3972f8b3-6a04-4fdd-88fb-d8dee80801aa_jpg.rf.bad674cee87ff393a09b5310add18605.jpg 213,8,307,626,0
celur-195-_jpg.rf.c1de51264b47f8a8e8e3a9e39b7527c3.jpg 166,10,370,576,0
celur-19-_jpg.rf.bec69793298ef1d16ca67b5801d91dbf.jpg 37,60,507,640,0
celur-27-_jpg.rf.c1f2fcd9d4f22fedbb42bcfc587bd57a.jpg 209,211,580,576,0
celur-228-_jpg.rf.bfe3cbfecc52fa7c81d2a2f3edcb66d4.jpg 81,60,603,588,0
9a8749e7-e9ec-40fc-9579-4630724f351c_jpg.rf.c29d67d405274a8716490530cecb4f4c.jpg 19,143,637,402,0
celur-179-_jpg.rf.b9fc9cada4f3957951eff763c6e8ead4.jpg 309,1,458,640,0
celur-50-_jpg.rf.c590e3b195c62bdaad989d4b3341d0b4.jpg 188,237,357,525,0
celur-255-_jpg.rf.c333fc469a505b6987f4f1350c49960b.jpg 80,6,576,640,0
celur-71-_jpg.rf.c31eaef1df17438966d16a60f7d537da.jpg 158,157,344,575,0
082c3a44-093b-4197-9724-5e1a13c80e29_jpg.rf.c41c2aed7f5f445d8cdb8ceba821d3ff.jpg 105,88,333,208,0
celur-87-_jpg.rf.c6990916aa8102fb90b4ac1c959f910c.jpg 154,210,453,613,0
celur-288-_jpg.rf.c64009f0dfd99ead93a35a387e2f06e6.jpg 79,0,544,640,0
ae97ef68-56db-4121-9dab-19667f530cfb_jpg.rf.bc18075a0000a218be9a9a749370c43e.jpg 64,33,540,619,0
07a0ed4d-0926-4aa2-b3d4-df8cb3bbc7b1_jpg.rf.c314c397ccb86d1394459be2d08ffe45.jpg 40,26,522,601,0
celur-78-_jpg.rf.c865850da022bbc3a2ea4c599ffe26a9.jpg 273,171,546,603,0
celur-23-_jpg.rf.c3005586905bdeeb506ad2c46c65b417.jpg 121,8,387,626,0
80589385-1b46-4da4-832d-8df66ecb41d7_jpg.rf.c9380085cf5cc3f0dfb53fb42f6c2f7e.jpg 268,21,392,589,0
celur-191-_jpg.rf.cb8ee847ddc752ccddd674ee4021ba7a.jpg 80,2,611,635,0
celur-125-_jpg.rf.c78394eec76e7adb0710bead40e58fa0.jpg 154,34,464,595,0
f3727e70-e6f4-41ff-ac1f-6680d0be994b_jpeg_jpg.rf.c98d458427e3da6c9ee70a2fcf9f4029.jpg 13,188,237,522,0
celur-65-_jpg.rf.c8d912587e8e11e1d4032709a5910ebc.jpg 254,197,459,605,0
celur-130-_jpg.rf.cb8ac4d2fd609752a0a561105291421c.jpg 185,31,438,640,0
celur-267-_jpg.rf.cc8c1e75cbd02fd998e9c69b6df82073.jpg 0,67,516,382,0
5b1d6b46-9a90-45ce-bc8f-dcfe73efc554_jpg.rf.cc298292c4b6fc403376ce00acce3046.jpg 52,167,588,577,0
92782be8-c6c9-4bf6-8fe8-e038c62d0a5e_jpg.rf.c9f6a927416d020ed3b46a3e8981f182.jpg 34,11,618,609,0
celur-101-_jpg.rf.d07909e14da84144d617896a7b200cd4.jpg 238,3,571,640,0
41149d14-47d0-4011-a478-9963506c60c2_jpg.rf.cf2acef99dacea3edb176497ccc1ce6d.jpg 266,9,374,612,0
celur-84-_jpg.rf.ca2682638a2bfd43b904e3899d215242.jpg 244,171,461,608,0
celur-214-_jpg.rf.cd11063a5ed2448fe53b824959906ce0.jpg 181,0,363,640,0
celur-227-_jpg.rf.d07a76439b60c2b73e7dad38180f774e.jpg 206,3,361,640,0
celur-130-_jpg.rf.ce6cc9b6fd636b6e0fbb1facba8d28c5.jpg 202,31,455,640,0
celur-101-_jpg.rf.d4418ef6f2f5ea60e5be1922e18c66b8.jpg 70,3,403,640,0
celur-159-_jpg.rf.d2d92e40d3b5b67354116d38a53a7e55.jpg 134,67,451,628,0
celur-199-_jpg.rf.d274fb5018481c4c8e2e5d5ad96d6ce1.jpg 119,14,463,632,0
3a2501ba-db37-4556-852d-2fbf83334527_jpg.rf.d4240a8f13fde78402bcec59da7e6fc9.jpg 20,39,615,491,0
celur-207-_jpg.rf.cb379033a378197bb93df42807a36856.jpg 215,9,406,621,0
celur-184-_jpg.rf.cf628eaf59c3b4706d4f6583effabc7a.jpg 300,4,464,640,0
celur-115-_jpg.rf.d25d140e418a04eb44d2e744d4446a7d.jpg 203,2,441,591,0
celur-197-_jpg.rf.c7155dee5ce580ee44dcef849183bcce.jpg 177,56,409,602,0
celur-103-_jpg.rf.c7039eff1cb7d12a1127513c75aaa5b9.jpg 142,59,458,607,0
celur-283-_jpg.rf.d464124b7760aa1b85276d8b3de4b187.jpg 193,24,466,634,0
9ed0604e-58bb-45eb-98b8-52863c073f55_jpg.rf.d6d6c4c68a81c7814da0e801aee9028c.jpg 145,225,427,397,0
baa6bd81-3588-4447-b59f-499766743743_jpg.rf.d927cc28cb2c7d5249bff942eb454f29.jpg 16,127,631,347,0
celur-155-_jpg.rf.d71715b8e0b1530b1b8a9afa85cb4469.jpg 60,75,588,575,0
celur-216-_jpg.rf.dbeb582784fa451e81834b97dc7bc955.jpg 20,60,266,615,0 329,43,599,601,0
1b2b1bfa-017a-40f2-af63-0e9367e363d0_jpeg_jpg.rf.da0e17f2a618de4caf90dc541269d36c.jpg 17,125,201,250,0 235,136,410,249,0 447,63,613,380,0
celur-122-_jpg.rf.dba4fb044c75fed3f59d5b2f86036288.jpg 209,38,560,587,0
e5bfd85b-97b6-414f-8b5c-591b800d3d03_jpg.rf.c09ecfeae12ee931a4622349245409fc.jpg 28,399,275,447,0
e0c4c347-4451-4e52-a5d2-98bf1559b1ff_jpg.rf.da24a5255376a3da1050e1e7ab8e3781.jpg 87,30,608,130,0
celur-247-_jpg.rf.e1c54fb7890290e5290c108faf209ca7.jpg 165,6,509,594,0
celur-269-_jpg.rf.dc84941e728cc8d396d248f5baa08718.jpg 114,19,440,629,0
celur-109-_jpg.rf.e2d19f266c4546218bfd6147c81feee0.jpg 203,26,414,591,0
celur-38-_jpg.rf.d58e035d0811c87be1c5e74af1936233.jpg 220,202,399,554,0
celur-217-_jpg.rf.ddf95029ac26f52335263cc4b6740cd8.jpg 11,130,602,476,0
594b11b8-c2f0-42d2-b2ca-a28ca111d53c_jpg.rf.da56f363f5a876e4e184f149dd61aba5.jpg 262,61,582,640,0
celur-245-_jpg.rf.dd3bd378a2f1c52ca1188b405e9300b6.jpg 147,16,515,640,0
1616d55d-90a3-40b5-ac0b-9302aa1539c1_jpg.rf.e2a7ddd0bf44a3066bbbcc19cd381755.jpg 9,66,611,513,0
d8fa6850-8c9c-4ee1-a9c3-75b1bda4e65c_jpeg_jpg.rf.e53a3070ca537a1a5ab546c7aaa74a38.jpg 273,21,565,635,0
celur-39-_jpg.rf.dd9913bd2b96648775e6fb81d64727dd.jpg 229,206,391,557,0
4886f7d2-2351-4efc-a431-487bf5aa09ec_jpg.rf.e4cc43793c1fa75014af6690f9550106.jpg 204,247,444,579,0
celur-107-_jpg.rf.da519182cbb1a69f5542ef80b2282deb.jpg 222,20,447,589,0
ec0134e0-15d3-45cd-a1b7-f22f35b4ac44_jpg.rf.e44a504bd0cb474b8e4ed05a4ff93cf8.jpg 330,351,461,541,0
celur-15-_jpg.rf.e5b90434c2498a7ecd1023509d5cc353.jpg 181,80,380,569,0
celur-5-_jpg.rf.e56dfa5ab31a8c83abb05ad0428e0cf7.jpg 10,86,617,603,0
0291623e-bd4d-42a8-ba57-54cc07e5c6ca_jpg.rf.df521c2f5358aed840cd2005bacd163c.jpg 270,560,346,638,0
celur-157-_jpg.rf.e81b240ac6d1495efc5afc24087607fd.jpg 266,0,571,640,0
celur-112-_jpg.rf.e5afe90a270f50c39bce6bc3ed00147f.jpg 246,20,560,588,0
celur-70-_jpg.rf.ded351fbb4ca695853bcdb329ef2de4e.jpg 286,160,485,583,0
37459848-3a66-4006-9d57-46d3ed8a800b_jpg.rf.e3d03bf49bb54ad3513227fcde6b7b35.jpg 156,56,587,638,0
celur-226-_jpg.rf.e87240afea444d8b150515f245406740.jpg 24,53,607,471,0
efa6430a-ede7-435a-b404-bbd4ab086df0_png_jpg.rf.e4cd72bbedb2ce16abea4fb85e570928.jpg 161,19,563,518,0
celur-155-_jpg.rf.e6d27a59b870e895b7d0c47c0e56a69e.jpg 53,75,581,575,0
c7d60ab9-ab5f-491f-b7bc-57d0082f9241_jpg.rf.e02a43798c54f20e40ee96b1ad79aac3.jpg 16,19,609,629,0
ef1c7eaa-da55-443e-87d9-94358d7075b2_jpg.rf.e921b2e141eab2c07328594dc7e1f50d.jpg 40,72,537,496,0
celur-234-_jpg.rf.ed27bef82c5c5bcf8053925d486a21eb.jpg 174,13,429,623,0
celur-283-_jpg.rf.e95a49936ec52cc38ae3630bcce577f6.jpg 174,24,447,634,0
celur-175-_jpg.rf.f1b2a7df369825edebd0b69b46110742.jpg 192,24,461,611,0
celur-87-_jpg.rf.ed51211664f829ac2102a00ee0b398a6.jpg 188,210,487,613,0
celur-161-_jpg.rf.ed7961338dc85fbdc1f05abba0b4ba00.jpg 6,83,640,592,0
celur-57-_jpg.rf.f0219ce07408e2eeba93aa3d3ff2750d.jpg 299,255,472,640,0
celur-168-_jpg.rf.f2c5cf00f195f14fc08ef272ec358755.jpg 42,78,451,611,0
celur-149-_jpg.rf.efd9bac2dd8bce9af7a8a11b04634faf.jpg 142,7,515,588,0
80e8fcdf-7bc5-4068-a6ae-529fb7adc0fb_jpg.rf.e8bec114f0dc22432dab0069cbb09d11.jpg 45,123,621,594,0
e0c4c347-4451-4e52-a5d2-98bf1559b1ff_jpg.rf.ee172d4789b46a74388b4e6dec5907cc.jpg 30,33,130,554,0
celur-222-_jpg.rf.f6435456e5cf416f2dad16a9c56a349d.jpg 43,69,619,632,0
celur-176-_jpg.rf.f348be7be6a12fcd4655c2ce81337479.jpg 300,29,456,599,0 162,54,312,622,0
celur-174-_jpg.rf.f62d12427cc3778fc4bf62dc3a7cef71.jpg 81,55,615,598,0
celur-234-_jpg.rf.f27e73a75c0a9c0266fd687d16796a5d.jpg 211,13,466,623,0
25365130-7d4c-48b9-87ea-4e59212bece1_jpg.rf.f35f5971178d2f5a520a1e75b6c5c974.jpg 49,8,627,634,0
celur-224-_jpg.rf.f1f43795ad695d45c69a90f3cd538c48.jpg 0,252,639,503,0
8fe74642-7123-4192-a0e7-5c6a6912d93c_jpg.rf.f212d9885d806e8874bcb38a343a400b.jpg 74,1,640,577,0
3dede029-1dc3-40c4-9e5c-3999e3625eb6_jpg.rf.f56d7505b4f9d525026542c3f9e5ea5f.jpg 8,260,631,383,0
c7d60ab9-ab5f-491f-b7bc-57d0082f9241_jpg.rf.f6a84c4cc3ef7d44998be1dcd6818063.jpg 12,16,622,609,0
celur-2-_jpg.rf.f7e966e18beba8505dbc33d275030e3e.jpg 152,10,440,627,0
celur-15-_jpg.rf.f656c953abc33c1001867283441ad9ca.jpg 260,80,459,569,0
celur-124-_jpg.rf.e94bfdd6566f41d31a5a0199a7063511.jpg 148,35,470,590,0
celur-121-_jpg.rf.f25d48aa81c83723bb3522d6f5d6b247.jpg 90,31,449,580,0
faf4eae0-4194-4ca3-a557-63329dccb8e5_jpeg_jpg.rf.fc0764a96a199436bb5b8aaaf08271aa.jpg 93,83,217,468,0
celur-133-_jpg.rf.f54e0fe966153654ac057038b2aa667c.jpg 197,73,453,568,0
celur-270-_jpg.rf.fc9a873baf10fd8ea6a3977de0b827b5.jpg 13,230,621,482,0
celur-75-_jpg.rf.fa591fe9c17559ddb6ab484dee199ff8.jpg 226,181,521,594,0
celur-36-_jpg.rf.efa572625d2fb55ae9d94daacaebc531.jpg 179,184,516,559,0
celur-171-_jpg.rf.ef961c2eb8b214f62ccb95ba7068ee19.jpg 279,13,479,608,0
celur-21-_jpg.rf.fa3acef29cd0022dda87b9f458c2e0eb.jpg 154,18,456,624,0
celur-146-_jpg.rf.e5d1bcae573bd9de50a6911700c17b9b.jpg 160,37,473,578,0
celur-177-_jpg.rf.f882b673d897f6ac624d1563fd4adec2.jpg 38,231,610,513,0
69896e53-9f78-42d4-b950-652ae8ec17a3_jpg.rf.fbe2033ba38098024c197bdec83df819.jpg 8,90,588,574,0
celur-84-_jpg.rf.fe4ea40e56ea6fd407a0f7cc54cbc31d.jpg 179,171,397,608,0
celur-47-_jpg.rf.fa501b6370f305b1e3b60cb17c54e6d4.jpg 179,231,433,530,0
celur-118-_jpg.rf.ffb15caf15459c07004135e3971403a1.jpg 143,23,473,574,0
9131009d-9992-49cc-8e81-69584c255ec0_png_jpg.rf.ff87ee289d0ab84cc258d3e957a69039.jpg 0,93,631,581,0
celur-245-_jpg.rf.00070748e4ed41b26fed302e3d33ad13.jpg 125,16,493,640,0
celur-28-_jpg.rf.042266e8f6fac39dbd99876a4cc08324.jpg 235,213,562,581,0
celur-187-_jpg.rf.075b836fc90dd859cd6a16dd905b6e07.jpg 86,61,608,557,0
celur-54-_jpg.rf.0043241cac7fabffa862e6fd3ea193fe.jpg 154,240,387,539,0
c69fd4f8-a027-4e86-8c76-aee6ff875744_jpg.rf.04055313c89ed32cfd000ae4ac7ec7ac.jpg 0,67,640,229,0
celur-128-_jpg.rf.04d1ae222e54798d4bc84b682327a789.jpg 259,9,573,567,0
celur-211-_jpg.rf.05e64f39d633a758f83e467e285c48b6.jpg 69,1,384,640,0
celur-120-_jpg.rf.070f0e097622f67416d0b59a2b9d1c43.jpg 86,30,447,584,0
608a435f-827d-4676-9b77-1ce679f2f18c_jpg.rf.0a2733b50e225ebd48e68db5024d04c0.jpg 207,0,560,294,0
6bea2f59-1b0b-4e6b-b950-e0b4106da28e_jpg.rf.08dda1a814fd92148fcd42f4cc02b3c1.jpg 29,50,619,602,0
celur-150-_jpg.rf.09b8c31e61c562372cdd9a2ee60d1da6.jpg 154,45,456,589,0
celur-40-_jpg.rf.095c99232caf9f410793a6846edc0f0b.jpg 192,184,485,479,0
celur-165-_jpg.rf.08f1c50573ba86131fff3a3a086f09fd.jpg 41,61,572,571,0
957a786e-8915-43cd-bb83-9da95dd96a55_png_jpg.rf.038c8d22f2adcaa8a6d2a1bbd7427830.jpg 196,145,454,589,0
b80f6d7a-b773-430d-854a-57c7f4e86aab_jpg.rf.0c79099e992ee23c7d59c71dc36c949a.jpg 18,32,628,596,0
c0161834-0b04-44d0-b5cb-43c82148bbf0_jpg.rf.0b51767770065589191f3adc9ac46baa.jpg 75,235,447,469,0
celur-238-_jpg.rf.09db7507abe2fe02edccc1b931ca1f99.jpg 11,226,633,414,0
celur-51-_jpg.rf.0c0d1715147ce371a22ab4fcf93238d1.jpg 192,240,371,530,0
celur-20-_jpg.rf.0a42f7a61ba7bf96008cdad8c1a93e45.jpg 57,150,573,559,0 240,35,632,357,0
celur-107-_jpg.rf.0cac484fad8698e292def963c7ab4203.jpg 193,20,419,589,0
9f54fe76-d6aa-40c4-9867-ba170389a91b_jpg.rf.097f1483d9c458b1f38ba74036e0f649.jpg 12,9,604,639,0
9131009d-9992-49cc-8e81-69584c255ec0_png_jpg.rf.0c78b2d6ae746ddf0e4dbdcee0b2d464.jpg 93,9,581,640,0
2afd5e5d-4755-47fd-a67b-acb8c8af9125_jpg.rf.0fe4b8620f8e7df31141529185f50423.jpg 40,198,608,430,0
celur-118-_jpg.rf.0d824b47da127328337cbaa6f4977f34.jpg 167,23,497,574,0
celur-102-_jpg.rf.0f8223e5aff4e3f93d21dd3131abe30f.jpg 179,62,495,613,0
celur-158-_jpg.rf.0f827da6f27072ec9d68b47984afa8d6.jpg 111,30,314,572,0 389,97,594,640,0
celur-18-_jpg.rf.124d7dd592c6e9e3a1aaf9a1ef7ef519.jpg 224,23,460,627,0
celur-108-_jpg.rf.144e86edd1f78b3e755af9359f733000.jpg 216,21,407,596,0
celur-158-_jpg.rf.0f869e8d49ba6e63ac0842a441ad20d9.jpg 327,30,530,572,0 46,97,251,640,0
celur-227-_jpg.rf.0e3b6ac46a4d53b36b23295e72f2b492.jpg 279,3,434,640,0
celur-35-_jpg.rf.1801e767722a210597acd81027c5fc5c.jpg 181,181,510,560,0
f72cb365-899e-442e-82de-fda2138c3b5c_jpg.rf.1586415106ddedd97fa46a0b60e3623c.jpg 23,265,608,361,0
celur-146-_jpg.rf.153513fc05f916b55bf26bf87b8378c0.jpg 167,37,480,578,0
cde39222-f45d-4d92-b23d-6b24ca178039_jpg.rf.136f6bd38d48b5ef635cc43700696509.jpg 43,104,619,506,0
celur-193-_jpg.rf.19586cf3d22840c20a80c8e82d5fefe0.jpg 137,182,527,595,0
celur-297-_jpg.rf.10a98ebbfc00053b2c265ec04eee54f7.jpg 193,43,407,629,0
3d46649c-c98e-4347-933e-14d46a12cfbd_jpg.rf.19ceb8f3fbd7c472ca1a123420662d5d.jpg 332,9,439,497,0
f48fc350-c8b1-48c2-8986-af68a3ab3970_jpg.rf.17ab3075fa8f23b4a8410fc8c5442c22.jpg 54,224,570,428,0
celur-47-_jpg.rf.217b549ebf21177716ed1565481ae714.jpg 207,231,461,530,0
celur-132-_jpg.rf.2283d33af9e36a0d7a770d2d99f5c2ca.jpg 83,79,588,530,0
celur-188-_jpg.rf.19d32425f039d39ad90bfa0e1951bb95.jpg 211,0,464,640,0
a36138f0-8439-4ffe-8de1-5636e778f992_jpg.rf.1e2501c3b8d59ad60b5aac71ab2cfba7.jpg 236,8,356,628,0
celur-237-_jpg.rf.1ccd29650e259efc9fa5267b098e3f97.jpg 133,0,463,640,0
celur-273-_jpg.rf.1c17cc5efd74e67b2f5dd39815922e87.jpg 20,15,439,626,0
90ebc97e-2648-449d-9898-153b7ddbe52c_jpg.rf.25a30de0db8e288187e19e71614684ea.jpg 4,16,614,632,0
celur-117-_jpg.rf.1f9884346f837c37b5858f995277e737.jpg 152,15,478,583,0
celur-175-_jpg.rf.24808b594e465bce7e838644dfcb1386.jpg 179,24,448,611,0
celur-256-_jpg.rf.24b7aa3882025458694b3087ef033c16.jpg 0,171,617,640,0
celur-246-_jpg.rf.25af133bac4a1afdbe742543d9583e81.jpg 119,2,442,640,0
celur-13-_jpg.rf.1620e35f305da0c355ec91438ada2143.jpg 247,34,482,598,0
64820b28-aa7c-4b7b-aa58-6683b2725582_jpg.rf.2397522ea5947d87b275a8a6112b3fe6.jpg 106,143,464,601,0
celur-82-_jpg.rf.2673ef50fb9925989b87ee04755aee98.jpg 28,211,521,571,0
celur-142-_jpg.rf.215683a431970f6553e5f249163acb6b.jpg 205,59,474,640,0
celur-166-_jpg.rf.268384d60e71639a784d2ea9a1639668.jpg 17,91,619,616,0
celur-241-_jpg.rf.26b4fa726099a795c7571678a6f4ea2c.jpg 263,40,477,602,0
07a0ed4d-0926-4aa2-b3d4-df8cb3bbc7b1_jpg.rf.2a4e8b03154e488e61b54f10eb41f784.jpg 40,40,615,522,0
459aab8b-70f5-4eca-a5bb-a45dd83b842e_jpg.rf.26896b70dce3b9e8726e2f5d51a2c874.jpg 111,49,352,590,0
celur-34-_jpg.rf.2706d50b0b059768b832db303e803381.jpg 194,185,514,570,0
e5bfd85b-97b6-414f-8b5c-591b800d3d03_jpg.rf.26951e3cd7777dba4e23db9194956222.jpg 193,28,241,275,0
celur-149-_jpg.rf.2677e18fb5696b69ba6693241a51295a.jpg 126,7,499,588,0
celur-139-_jpg.rf.28066a8e4b801eaa5f39131f65328d6d.jpg 31,161,596,417,0
celur-57-_jpg.rf.2a4fcb30ee23d602b3f8fa39d9da5486.jpg 169,255,342,640,0
celur-264-_jpg.rf.2b6d638fb67fcb1c6b7e3b1c931c2eb4.jpg 1,96,619,536,0
celur-238-_jpg.rf.2789d4d2a5a7e8de8e7a6f72dffd1f6e.jpg 8,226,630,414,0
celur-66-_jpg.rf.2a8d93fb89db303ed80636a4028ff1fe.jpg 243,199,452,615,0
celur-10-_jpg.rf.2d5de249fe9af63f8949d7b6c340f01f.jpg 112,13,594,623,0
celur-164-_jpg.rf.26bc2e8e71ac2a6ed5fea54f392d6cfe.jpg 10,54,515,626,0
8eb75c83-5de5-40ab-b12f-216ffff80ee4_jpg.rf.2b904b3302ab26ac8657e11b52c0e2fa.jpg 44,245,522,553,0
celur-179-_jpg.rf.2c877cc5fb946b3a7649c0cfca15fdcb.jpg 182,1,331,640,0
celur-174-_jpg.rf.2cac8b332e108e21d25394d490215733.jpg 26,55,560,598,0
c662bf77-6df4-4808-ad34-93b1a6db25fd_jpg.rf.2ebe26312fe6e6390fe4faf11bb2714f.jpg 16,3,566,617,0
celur-236-_jpg.rf.2e83464d13453b8dfde704ce11677384.jpg 30,180,640,640,0
celur-147-_jpg.rf.24098cb127a6f4fb8135a02654397e29.jpg 2,75,220,551,0 303,73,505,567,0
87c45f9c-d828-42a8-bd93-85d9ad8e287b_jpg.rf.27037ec0df4b505bc298a86c04fe55a0.jpg 75,167,585,600,0
celur-241-_jpg.rf.2baddf29859ea4d17752f77a865d7316.jpg 163,40,377,602,0
a94c1d2f-2e09-4aa9-ac0c-fce00e122808_jpg.rf.28d9af344fae40b8cb19e75492f77054.jpg 304,5,524,629,0
5cad4095-ad8b-4753-ae65-b1be05f37a21_jpg.rf.2f932603e2adfc167390d28cc47fbc05.jpg 121,157,580,614,0
celur-76-_jpg.rf.2b3f05547e38c4a0f1a20d4f381d5f8e.jpg 228,184,553,608,0
celur-124-_jpg.rf.327fa2dde510a03f6a42d3154abed9b7.jpg 171,35,493,590,0
celur-35-_jpg.rf.303dd87d9b5f5175e23c0a36ad84b814.jpg 130,181,459,560,0
celur-12-_jpg.rf.30765c028f4649487fba29afac10bc39.jpg 45,21,582,298,0
cde39222-f45d-4d92-b23d-6b24ca178039_jpg.rf.337edc3dce22b016856682acec18276b.jpg 134,43,536,619,0
celur-254-_jpg.rf.2fc1d50f40507243ebd0e65c8b4d815b.jpg 155,21,509,626,0
3a2501ba-db37-4556-852d-2fbf83334527_jpg.rf.3263f52346edc96b075815815534a39e.jpg 150,20,602,615,0
celur-232-_jpg.rf.330eaac4cea922a14d1da54aa028f3f2.jpg 212,0,445,640,0
celur-77-_jpg.rf.3670784771bfedd3f11705eea57a7a97.jpg 269,159,525,591,0
celur-49-_jpg.rf.33cc340292dfda0f2e7eb668f135ad17.jpg 216,234,476,533,0
celur-38-_jpg.rf.33eeef1fdfcfc150484f78b32d4bbaed.jpg 241,202,420,554,0
celur-29-_jpg.rf.11ffc24aa0ab9235dbc85e3db1be340e.jpg 241,218,561,586,0
87c45f9c-d828-42a8-bd93-85d9ad8e287b_jpg.rf.32b99ba31e12da428cd782d895da459c.jpg 168,55,600,565,0
celur-55-_jpg.rf.351de13b9d76769700a6ed9576cf8fba.jpg 154,232,397,541,0
celur-32-_jpg.rf.38b47574038a08555ee7f0354a87ce86.jpg 177,204,489,519,0
5cad4095-ad8b-4753-ae65-b1be05f37a21_jpg.rf.37adbe34cd19a795de0f5320fa953021.jpg 26,121,483,580,0
celur-210-_jpg.rf.3937de7e45ce9301135f337d649d60ed.jpg 227,74,533,618,0
3df7ec82-22ca-4431-80d0-0706dcf2ee27_jpg.rf.331db8a49e7c5c392188ebc3b6deb36e.jpg 246,10,566,632,0
1b2b1bfa-017a-40f2-af63-0e9367e363d0_jpeg_jpg.rf.39f3ac681bda681220681043a861f60c.jpg 125,439,250,623,0 136,231,249,405,0 63,28,379,194,0
celur-88-_jpg.rf.3417e2e81ebfb37b9802807a435412bd.jpg 186,207,485,628,0
celur-150-_jpg.rf.2f0c5dae47900c712902f7b47d9eb2f8.jpg 184,45,486,589,0
189c68c3-849b-4083-9fbe-8b69c9720179_jpg.rf.3af76f1bce9e00807132fa558f027aa6.jpg 37,136,502,324,0
celur-187-_jpg.rf.382d613d6c53ff8ac1c948b63f33e0a1.jpg 32,61,554,557,0
8fe74642-7123-4192-a0e7-5c6a6912d93c_jpg.rf.39f633d18398e3bec2a8aafaf73da307.jpg 64,73,640,640,0
celur-153-_jpg.rf.394b2262e6f83f7c0d006d3cf769945f.jpg 110,37,460,591,0
celur-161-_jpg.rf.3b93423e5e5578aa1ef65ea41f370d57.jpg 0,83,634,592,0
celur-121-_jpg.rf.3aa0bed831622e1d55f82cf23a13043b.jpg 191,31,550,580,0
69880c59-9dc4-4dc5-a7dd-071c5c752919_jpg.rf.3c822391248c8800d61dcb1ebae4a951.jpg 11,231,632,451,0
celur-269-_jpg.rf.29bcb4e8a49ea788140f7653d1d7f70a.jpg 201,19,527,629,0
celur-85-_jpg.rf.3ae52e3b2b58acecc8ac312316b3d8d0.jpg 254,167,472,615,0
celur-157-_jpg.rf.3d5cb6fa831faf2c580abb8b4fd13d17.jpg 69,0,374,640,0
608a435f-827d-4676-9b77-1ce679f2f18c_jpg.rf.3cbf0120da708d796358b4db9c380ace.jpg 207,0,560,294,0
celur-117-_jpg.rf.3eb0469381cc56373630059ed65ac24f.jpg 162,15,488,583,0
celur-10-_jpg.rf.3df7a418fa6a77cad98e6495d6367806.jpg 47,13,529,623,0
celur-214-_jpg.rf.3dd28b2d84f2aabe458ad6d637c7aa70.jpg 278,0,460,640,0
a36138f0-8439-4ffe-8de1-5636e778f992_jpg.rf.448082dda9ca09531f0b892217778930.jpg 12,236,632,355,0
f2ff4fec-7429-43e7-b87c-748734de6aeb_jpg.rf.3bae0f48a5536a3a1464f95e611da92c.jpg 29,10,637,624,0
celur-78-_jpg.rf.460a8fcb0845c305157979f96b437bdb.jpg 94,171,367,603,0
celur-196-_jpg.rf.40a23a74109d4cf8b4eda3dd86bdb492.jpg 43,75,607,610,0
celur-159-_jpg.rf.3cece4306a4a39d6e954b66a46a66191.jpg 189,67,506,628,0
celur-266-_jpg.rf.413253c85d957938629859f041808575.jpg 46,172,191,570,0 395,35,525,640,0
celur-110-_jpg.rf.465620aa0cd72f78a9d6323f16360311.jpg 236,23,427,586,0
3d49dd40-7a37-4025-9adc-eb10ec2edfa5_jpeg_jpg.rf.43317d5eb446e48699833808a5d182c5.jpg 301,182,523,640,0
celur-18-_jpg.rf.43abdc38f20e4456ee3902fbd523bee5.jpg 181,23,416,627,0
celur-166-_jpg.rf.418d1da1663d7f453d885aa64125de09.jpg 21,91,623,616,0
47509818-5ae9-4e5e-b4c2-cbe57a1bb501_png_jpg.rf.46c7e7747a4b40731311c29f8ceb082f.jpg 361,36,562,640,0
celur-54-_jpg.rf.3ccef69d3b55d2d755f9cfe654dbaa5f.jpg 254,240,487,539,0
celur-243-_jpg.rf.3eb7c10cc025a8eb847b24709734bc9e.jpg 264,33,494,628,0
9a8749e7-e9ec-40fc-9579-4630724f351c_jpg.rf.49c717af3edb1d9fbfebf398f9296e73.jpg 238,19,497,638,0
celur-45-_jpg.rf.4992f8cdc8a749a15c3fc465caa15c73.jpg 139,229,476,560,0
celur-286-_jpg.rf.4d1f5b11e978e0d19eba2daaf6add4d8.jpg 198,11,512,636,0
celur-27-_jpg.rf.51ad902a7e12d1d3bbf35dd433617ddb.jpg 60,211,431,576,0
celur-205-_jpg.rf.4e54c196cfde65187ad59868fb1d397a.jpg 24,3,559,633,0
2ca6cba0-cc48-4cd3-9989-bbe7fa5ff630_jpg.rf.52bf03ad689e7edb62259a8c59c3c940.jpg 18,241,623,442,0
celur-136-_jpg.rf.48d2c4a80a64154a100168c1913f987d.jpg 162,195,432,590,0
c70240df-c0be-424a-8347-05e2c633ef96_jpg.rf.4ee0fabc1f89601cdc52b29403557f75.jpg 214,14,322,628,0
celur-242-_jpg.rf.57228cc5448c0c17b5a0edd221530ff2.jpg 262,1,582,640,0
a94c1d2f-2e09-4aa9-ac0c-fce00e122808_jpg.rf.539cef0faa4e9c045e16ceb23d59627f.jpg 5,116,629,336,0
celur-102-_jpg.rf.4ed3003306b92a032263393084b05fed.jpg 146,62,462,613,0
14472cbe-d5b0-4a8a-a24b-e7fe100a6d5c_jpg.rf.5441e59ee90f5dfb09793b7a77f5e134.jpg 412,1,567,272,0
celur-193-_jpg.rf.49595591a95d4053e0183df6f569a83c.jpg 114,182,504,595,0
celur-19-_jpg.rf.4f20a31d348e5afda51b05606c85cc4f.jpg 133,60,604,640,0
celur-171-_jpg.rf.572211d7497500723c3a275fea33635f.jpg 161,13,361,608,0
celur-85-_jpg.rf.33f1dbdf91c35abb5f3d2af6b745e74e.jpg 169,167,387,615,0
celur-23-_jpg.rf.311314019038603fe91cbc373eaaa281.jpg 253,8,520,626,0
celur-154-_jpg.rf.59a3d10a0cf96647572552cf9528acbb.jpg 236,1,407,640,0
celur-61-_jpg.rf.4baf675b75b86205abe3207f2db10729.jpg 143,219,640,491,0
celur-63-_jpg.rf.5489496813697ff5d4d45829facc03cc.jpg 173,190,387,576,0
celur-217-_jpg.rf.556bfd9d06896e4d69c4e92265321456.jpg 39,130,630,476,0
celur-113-_jpg.rf.592a531c98c146354291489dfbc471b5.jpg 254,20,556,592,0
celur-63-_jpg.rf.58e2e354c6431b9017975634b9b3d570.jpg 254,190,467,576,0
celur-56-_jpg.rf.4fdaf98325dc2e54e1ba7e14828ced69.jpg 154,215,402,551,0
celur-212-_jpg.rf.5ac7eba08b6648fd48ad57e4bae876f3.jpg 57,3,601,496,0
celur-266-_jpg.rf.6072199e860e42e7e3ec946690e95ea0.jpg 450,172,595,570,0 116,35,246,640,0
celur-24-_jpg.rf.612fa0cd13da74b2c47ffccbe7bdf44a.jpg 156,199,452,562,0
80e8fcdf-7bc5-4068-a6ae-529fb7adc0fb_jpg.rf.5e9a0920d180b09308f9ac05ad2e839d.jpg 46,45,517,621,0
69880c59-9dc4-4dc5-a7dd-071c5c752919_jpg.rf.35e83c4ac0a403fe78881555b71499d7.jpg 189,11,409,632,0
celur-41-_jpg.rf.62f831f6dc586b7d3dab2a038750f859.jpg 188,191,472,487,0
celur-225-_jpg.rf.59fee1b333845db9b729f63c343a313f.jpg 99,65,401,636,0
celur-44-_jpg.rf.60e6c33bfebe8bea6acc0cf6dced6fcc.jpg 141,247,470,548,0
c486a00e-22b8-4af0-aa6d-79102e71fba2_jpg.rf.59b860d8b9e4a56e3b4ae0e3b4dc5ba9.jpg 194,156,308,519,0
celur-100-_jpg.rf.635fa083912d29fd195cb97840d313b1.jpg 81,10,412,640,0
celur-116-_jpg.rf.5dad2d759172ab97c6bb5b98b52a4d72.jpg 216,9,454,602,0
e8e99a8d-cca6-4f4c-9ab7-aed40472552e_jpg.rf.5a0e83eb66f05a8d89b571f8f205ef16.jpg 179,29,430,537,0
celur-173-_jpg.rf.664c92366533a9b4f6196161daff1820.jpg 51,9,530,640,0
celur-254-_jpg.rf.4298d1fc92065a82f624b3afe3fbc1d4.jpg 131,21,485,626,0
celur-270-_jpg.rf.5bc6498a63a64eb4ed4ba58bc8122db1.jpg 20,230,628,482,0
celur-122-_jpg.rf.632a9ac3d660e8f72b180329568ef67b.jpg 80,38,431,587,0
6bea2f59-1b0b-4e6b-b950-e0b4106da28e_jpg.rf.5c8fecc2a5ff6d84988a25ff3c522d1b.jpg 38,28,591,619,0
celur-55-_jpg.rf.61920a3a16ef2b502c792ba05d0a3ed2.jpg 244,232,487,541,0
celur-152-_jpg.rf.66c2be6b67bea0c057ecfd11978fbc5c.jpg 264,0,509,640,0
0c3e25f4-09ed-4f1c-9de6-28356aeb08c5_jpg.rf.658d8a8119b68b9c3dc7b661a139fe34.jpg 242,29,320,382,0
celur-69-_jpg.rf.662757f1ed3a12715e701ba9349402d5.jpg 192,186,527,610,0
41149d14-47d0-4011-a478-9963506c60c2_jpg.rf.67652441fbba77646724709fae511e41.jpg 28,266,631,374,0
86848089-05ad-444b-baf4-ad454693ecb5_png_jpg.rf.5e98746c03fea17a2b201ccf899cde58.jpg 170,94,550,640,0
celur-100-_jpg.rf.69885964570ee764a9c28b05cbfb896e.jpg 228,10,559,640,0
celur-153-_jpg.rf.5cddc06cf7d39643382f588036e2eaa0.jpg 181,37,531,591,0
3d46649c-c98e-4347-933e-14d46a12cfbd_jpg.rf.6b9bd30ad7f0faea6db54731d6a9d674.jpg 143,332,631,439,0
celur-131-_jpg.rf.6b4729663380d24aa8ea18bfc97fd477.jpg 97,0,595,622,0
celur-210-_jpg.rf.6aa0a9c6983d8e62c91433f79a03eb4d.jpg 107,74,413,618,0
b04392b5-25af-4324-8042-c84a5f4d9237_jpg.rf.6771b63486710229e2f025da3d734779.jpg 160,17,526,545,0
celur-105-_jpg.rf.6be65f86138583930d0b90d2c8ef4d21.jpg 220,24,409,590,0
37459848-3a66-4006-9d57-46d3ed8a800b_jpg.rf.6b5bba97a42df48c6dd43d6bdd6f3679.jpg 2,156,584,587,0
3df7ec82-22ca-4431-80d0-0706dcf2ee27_jpg.rf.67bdae7a9d4e82c7428efd10fabc0b42.jpg 10,74,632,395,0
celur-183-_jpg.rf.6c4a3621a77b80ab4826168883ce3cc6.jpg 113,19,445,617,0
celur-21-_jpg.rf.6817e8cd669709e43d3f638bb310db37.jpg 184,18,486,624,0
celur-29-_jpg.rf.582d96f8c0edb5cea2cac3428b6bd2fd.jpg 79,218,399,586,0
celur-58-_jpg.rf.6c0a38864dda58296e8000c4327e0173.jpg 169,253,342,640,0